{
	"Steps" : 1024,
	"EX" : -0.276827811397152,
	"EX2" : 31.19277618410336,
	"EC" : [-0.08897562054418602,
		-0.03730376092131459,
		-0.1084435974074854,
		-0.1103755419658178,
		-0.116404301575373,
		-0.06100173497517962,
		-0.007422394262112565,
		0.01542225072767688,
		-0.1067956319583706,
		-0.1207886640602378,
		-0.2778789399912779,
		-0.0128014728111636,
		-0.3150981707701553,
		-0.4968747446614976,
		-0.5179639647983613,
		-0.87039615846586,
		-1.753282937653874,
		-1.332541182457225,
		0.0444708292547847,
		0.07630006313356306,
		0.1668593541656196,
		0.03834133871140171,
		0.1813593673765194,
		0.04354653278038478,
		0.09247441545393439,
		0.1893265291313692,
		0.1934965877747702,
		0.1767879439743848,
		0.3453915624227819,
		0.3380115814197986,
		-0.0120840113647384,
		-0.01628487031438114,
		-0.03431837472821489,
		-0.002946943654007577,
		-0.0438371408908526,
		-0.008673370224782659
	],
	"EXC" : [-1.217821546878196,
		0.308517511700923,
		3.066520970059774,
		-0.406937794970528,
		4.927130310811441,
		0.6406644016097236,
		-5.131486349660838,
		-1.006706694623967,
		-5.5424106189549,
		-11.90923485096442,
		-11.28294130157007,
		-2.62382741278567,
		59.18134863905174,
		63.7783502709968,
		116.728668477442,
		112.5301928796602,
		208.3991900971465,
		113.2077039871262,
		13.46383208160656,
		13.91373602514889,
		28.96611392520214,
		25.41198551286426,
		53.80927029906964,
		24.9492005951331,
		-2.873604813363677,
		-7.12738645177866,
		-5.867084678242958,
		-8.196211801415371,
		-11.49141312044336,
		-15.02313811846655,
		-2.316104960688391,
		-2.451694321991422,
		-5.414452983787827,
		-3.136533183034125,
		-8.889214797475079,
		-3.743139421723924
	],
	"COVXC" : [-1.242452473181146,
		0.2981907932081929,
		3.036500766329426,
		-0.4374928146846999,
		4.894906362769117,
		0.6237774248251156,
		-5.133541074819745,
		-1.002437386708206,
		-5.571974620016712,
		-11.9426725124778,
		-11.35986592036121,
		-2.627371216486645,
		59.09412070206219,
		63.64080152289364,
		116.5852816466843,
		112.2892430160636,
		207.9138326187558,
		112.83881952799,
		13.47614284394018,
		13.93485800463562,
		29.01230523502695,
		25.42259946174577,
		53.85947561581686,
		24.96125548649663,
		-2.848005323323333,
		-7.074975603079804,
		-5.813519441336451,
		-8.14727198180354,
		-11.39579913014282,
		-14.92956711215522,
		-2.31945015110739,
		-2.456202426999438,
		-5.423953264354546,
		-3.137348978996175,
		-8.901350137245801,
		-3.745540451820688
	],
	"alpha" : [0.4589093153857729,
		0.4468899753487151,
		-0.2003879417939282,
		0.1261955011792643,
		-0.03558068054061856,
		-0.03595861004402804,
		-0.01564341737147252,
		0.1473264403169965,
		0.1535962759832293,
		0.2530480411058337,
		-0.164974884127224,
		0.1155563134179436,
		0.3485491551797031,
		0.4253288911795263,
		-0.1623937524141804,
		0.06838967127110522,
		-0.01987700544531562,
		-0.001046525574701503,
		0.5724769860052989,
		0.3700988904569794,
		-0.2227860399615949,
		-0.04191241297313703,
		0.01974472629344319,
		0.007607434853769699,
		0.4507372039640956,
		-0.06783789698832762,
		0.001299724801044705,
		0.08509852122933823,
		-0.1248272252567429,
		0.2164321137624631,
		-0.07906312152165193,
		1.826603761586088,
		-0.3916199612080409,
		0.4526983310250686,
		0.07857358520025216,
		-0.8234568838034152
	],
	"ECC" : [
		[8.835402661515985, 7.531354345901211, 11.27477544206968, 14.89969804997375, 23.09521962570645, 14.05833784200264, -0.9961851194738284, -2.827399826734851, -1.108162970531119, -1.923340431532637, -2.280821457512418, -4.810758245895234, -7.884201716867319, -9.086562551002844, -18.10694404454689, -16.25449375083666, -27.91566731707048, -11.49200156641874, -6.161456619618308, -6.381219483701279, -13.16662655728556, -10.33138941598466, -21.9514607557976, -9.599787631384757, 0.6647714649515629, 2.19821619958694, 2.208978303225931, 3.227574262646028, 3.439353574026711, 3.269101447429156, 1.032300314289437, 1.141061532304769, 2.06273703370222, 0.3040150343577975, 1.640946905887594, 0.7535823199409354],
		[7.531354345901211, 6.958707467127235, 10.51656029986418, 13.07789901258989, 21.53100291989593, 13.0944222626361, -1.303663541867792, -2.743721797343486, -1.863898740603232, -3.011020100620461, -4.23263805623903, -5.083335128250928, -4.228411684584128, -5.301435543507802, -10.86005988976179, -8.987369199516696, -16.10929461221202, -6.182865008187191, -4.450590393921405, -4.370796494581638, -8.860740080034821, -7.283801807725373, -14.40039929786401, -6.392760301043914, 0.7139450139478632, 1.77522908388111, 2.012565090397973, 2.590204069584648, 2.804070205700837, 2.334172112617916, 0.7509767419791179, 0.8478108097577643, 1.397770789674516, 0.1702944346700532, 0.9503266091362088, 0.54081049404381],
		[11.27477544206968, 10.51656029986418, 19.26653402851435, 20.38761279442078, 39.28476943290509, 20.08269339244084, -3.30630176920026, -4.267502144633744, -3.980489855077191, -7.764380257358236, -8.37226032430315, -8.235180732138277, 0.1430513500517199, -1.043408999420628, -6.367470550199003, 2.042708048861644, -4.359370366302381, 5.524560832614283, -4.598804980815992, -4.545488263571528, -10.11569126408324, -7.636749175495019, -17.32593046223761, -6.805957078918896, 0.3026323339376754, 0.9350012647759423, 1.601065257565661, 1.634184910047722, 1.63100118485312, -0.05275809100758232, 0.7510521421028936, 0.8130293806022232, 1.520374741048335, 0.1120081933979385, 1.230778045018704, 0.4662891024091732],
		[14.89969804997375, 13.07789901258989, 20.38761279442078, 29.42867885459559, 48.09439576353351, 28.11572594421068, -1.635817782716262, -4.190354376357388, -2.356650838488429, -3.098057107326608, -4.63017202266843, -7.093286682239278, -11.14938866139556, -11.58246865252439, -24.11137121225249, -24.11791625428598, -37.02563987812619, -11.94994247919634, -9.601131367188557, -9.823832464180104, -20.26484372377209, -16.66418827971734, -34.99527235681288, -15.68702140261232, 1.544563588611403, 2.898636846681842, 3.35773237396139, 5.228944801898819, 4.222756549468205, 3.467550046310752, 1.509716202943904, 1.675927070965424, 3.105958358852732, 0.5376836351413058, 2.82002751081008, 1.266508559281099],
		[23.09521962570645, 21.53100291989593, 39.28476943290509, 48.09439576353351, 93.12402234825306, 47.57158479584714, -5.422616297737915, -7.310917909530982, -7.050865545301003, -11.36848488873675, -13.34163892832362, -13.19245131829618, -4.355467454271401, -4.499809014066654, -17.90884866981369, -8.179905339101255, -20.67908559440448, 7.247011343206669, -10.78332329276091, -10.95488785076849, -23.52345213555895, -19.51672829013989, -43.05305726203878, -18.54154867229388, 1.419765767349266, 1.63218222080463, 3.032448568489552, 4.603733335023531, 2.165514128481041, -0.4680880921767328, 1.498594066439438, 1.69889957141056, 3.172743241742792, 0.2844300545873061, 2.935986457577878, 1.22960469981405],
		[14.05833784200264, 13.0944222626361, 20.08269339244084, 28.11572594421068, 47.57158479584714, 28.36803909780581, -2.192778958674603, -4.41645900188062, -3.243923217076851, -4.572146594430722, -6.629134601147262, -7.737760756863969, -9.047442155051602, -9.988276668623273, -20.85275893534227, -19.21430243702936, -30.66983001117317, -10.36397278518284, -8.143368631941666, -8.240732622385593, -16.3870246999722, -13.88474594829764, -27.34118364629298, -12.83496570034958, 1.87632545564171, 3.037960193237263, 3.570542017834875, 5.489867325156438, 4.41815640053368, 3.810197475028774, 1.242732938592178, 1.450558752673968, 2.382454273367395, 0.1886534546434205, 1.652642332385454, 0.9684045078576433],
		[-0.9961851194738284, -1.303663541867792, -3.30630176920026, -1.635817782716262, -5.422616297737915, -2.192778958674603, 11.1574953120613, 5.489337354679272, 11.62690817565933, 25.32133973698881, 24.89472414186737, 11.92731255647451, -17.923361252391, -8.38641669255852, -14.61034643731942, -44.78098255700921, -39.43834920729309, -21.89411810736098, -2.972258542684489, -3.070894087368617, -5.503955076089748, -5.085957029056054, -9.870680378861048, -5.942135719093794, 0.1949453393187776, 0.5388223401469943, 1.10204109477711, 0.04779657222721758, 0.8236757803299618, 1.298851556318813, 0.3708285357619171, 0.4155899122116383, 0.8429890556463707, 0.6234537894618666, 1.458914267013585, 0.7461542269046895],
		[-2.827399826734851, -2.743721797343486, -4.267502144633744, -4.190354376357388, -7.310917909530982, -4.41645900188062, 5.489337354679272, 5.92496592161568, 8.548176781188658, 11.9380035417524, 18.08543793898837, 11.93423008002351, -5.558186595166317, -2.200935226208748, -4.322149969586656, -12.88637985548563, -14.45501820892088, -7.707614691509033, 0.8182181050326408, 0.5641915243181312, 1.62158873701168, 0.8372640935067938, 1.45797537577421, 0.01146300790560029, 0.1856386854969781, -0.6484959254308252, -0.4019960113144785, -0.2063306747755794, -0.3558155643424152, -0.4987728649473185, -0.2738724830459482, -0.2879195111286115, -0.3261410346137388, 0.2097875663011808, 0.4420215829313536, 0.1157892368714334],
		[-1.108162970531119, -1.863898740603232, -3.980489855077191, -2.356650838488429, -7.050865545301003, -3.243923217076851, 11.62690817565933, 8.548176781188658, 18.5021419239203, 25.41744002151582, 38.92553846558689, 18.38613525486705, -18.12864651899957, -13.42114914749972, -24.61423893488637, -43.6727420886951, -62.7691083009115, -35.002210086077, -4.146967844228595, -4.256327497971791, -9.080071915184586, -7.600951202574932, -17.1203064799731, -7.914502560289685, -0.3378038438942431, 0.5795262162322488, 0.246480732916798, 0.7591655107230915, 2.858763535083288, 3.801704457956522, 0.6109622267422623, 0.5627764410049725, 1.423932092360083, 0.9714212050024238, 2.445337701213544, 0.9510809393072926],
		[-1.923340431532637, -3.011020100620461, -7.764380257358236, -3.098057107326608, -11.36848488873675, -4.572146594430722, 25.32133973698881, 11.9380035417524, 25.41744002151582, 67.59213323934598, 64.92733200459708, 32.06444161855946, -48.7091715045946, -19.3609939094162, -46.44619282784895, -125.939017834305, -115.3810222937858, -50.21042440778296, -6.551284144917619, -7.726127782141187, -14.35113098637658, -12.26692447892354, -27.46847849199178, -16.08422896029113, 0.3709153839356162, 0.02428585873881366, 2.711799532639927, 0.5988672833505775, 1.726924139985615, 1.070757150764282, 0.7872225486478834, 1.127312076248414, 1.936334438622189, 1.159416249716806, 3.259707592958282, 1.872230742891353],
		[-2.280821457512418, -4.23263805623903, -8.37226032430315, -4.63017202266843, -13.34163892832362, -6.629134601147262, 24.89472414186737, 18.08543793898837, 38.92553846558689, 64.92733200459708, 98.11458620218339, 47.99542861064234, -46.15725029218799, -25.00549880859698, -66.97334173795748, -113.747875453953, -166.6924906745546, -69.11897364448488, -8.272894828357165, -9.573807565201747, -20.59218845560397, -16.15433916555824, -40.58930711241963, -19.04823720668069, -1.469293200027179, -1.708957890965156, -0.6626020480547593, 1.114039520548815, 4.447159985952917, 2.365814323269132, 1.040222946781921, 1.200060564808389, 2.695032354439762, 1.546717059839541, 4.711435994776179, 1.98735888786699],
		[-4.810758245895234, -5.083335128250928, -8.235180732138277, -7.093286682239278, -13.19245131829618, -7.737760756863969, 11.92731255647451, 11.93423008002351, 18.38613525486705, 32.06444161855946, 47.99542861064234, 30.33816033599686, -18.28754770819069, -4.897916988233137, -22.08452761262707, -44.07311874470609, -56.39141640751687, -18.31528422751141, 0.06760609872776326, -0.8404446596416421, -1.219468251280173, -1.637765065232567, -5.907236677811665, -4.108437903038814, -0.2723815895648035, -2.547559850635251, -1.439920040925188, -0.2432090574286409, -0.989108845164156, -2.732784877824104, -0.3558819700485968, -0.2546254874332284, -0.2155383839476716, 0.3804634405969349, 1.334699236493854, 0.4908421447813999],
		[-7.884201716867319, -4.228411684584128, 0.1430513500517199, -11.14938866139556, -4.355467454271401, -9.047442155051602, -17.923361252391, -5.558186595166317, -18.12864651899957, -48.7091715045946, -46.15725029218799, -18.28754770819069, 149.301305312869, 136.3832347276193, 278.8490280124706, 290.0066929102013, 494.3738857861932, 238.4837878447744, 25.08479499559589, 27.372699905271, 56.59584777368759, 47.4717852580157, 103.5138684478202, 49.00725438770933, -10.32790279680495, -15.49349183224186, -19.05754768298424, -23.52159151149521, -30.95827930195879, -29.49348152425552, -5.112065836442599, -5.655727950370668, -11.76472833259708, -6.874710786519477, -19.30030005858367, -8.552521505654823],
		[-9.086562551002844, -5.301435543507802, -1.043408999420628, -11.58246865252439, -4.499809014066654, -9.988276668623273, -8.38641669255852, -2.200935226208748, -13.42114914749972, -19.3609939094162, -25.00549880859698, -4.897916988233137, 136.3832347276193, 168.8361921937451, 297.3197320422378, 254.2306067777251, 523.7582574474663, 300.794198905533, 26.50967625850413, 27.64230365932158, 59.22987401060168, 49.37151060662694, 106.3998110098589, 47.52208852885969, -12.40152659638026, -25.13187363058997, -22.28928874509452, -31.99961773758582, -46.49492358230002, -54.32312538898548, -5.301761688925568, -5.722249407694951, -11.97708072270938, -6.262334125315661, -17.94346623971912, -7.853780889795773],
		[-18.10694404454689, -10.86005988976179, -6.367470550199003, -24.11137121225249, -17.90884866981369, -20.85275893534227, -14.61034643731942, -4.322149969586656, -24.61423893488637, -46.44619282784895, -66.97334173795748, -22.08452761262707, 278.8490280124706, 297.3197320422378, 625.519472098511, 518.47941613014, 1102.637076174219, 518.9310604833046, 52.1363303659139, 55.28799003711265, 120.7673656103105, 100.3173179823324, 225.4847580873243, 98.60598933757721, -17.59203151011337, -28.43059471134298, -30.90882651808798, -49.07496486874886, -64.69420037148441, -61.48152029011169, -11.08966100928848, -11.82244536197578, -25.35042084117467, -15.27812660324575, -42.33838025591665, -17.85123673808657],
		[-16.25449375083666, -8.987369199516696, 2.042708048861644, -24.11791625428598, -8.179905339101255, -19.21430243702936, -44.78098255700921, -12.88637985548563, -43.6727420886951, -125.939017834305, -113.747875453953, -44.07311874470609, 290.0066929102013, 254.2306067777251, 518.47941613014, 632.4884713406934, 1020.578640864105, 495.8848704594936, 54.94866845792458, 57.91557505954666, 121.2184410152174, 104.3260129881896, 225.0230923648321, 105.9520147011758, -18.76341902969074, -29.3060698371244, -40.2586727898362, -46.07368774257236, -68.27721022236703, -59.04206242767336, -11.50109132359263, -12.56249858544215, -25.28736828582609, -15.0413150906268, -39.81769149773344, -18.30689122967635],
		[-27.91566731707048, -16.10929461221202, -4.359370366302381, -37.02563987812619, -20.67908559440448, -30.66983001117317, -39.43834920729309, -14.45501820892088, -62.7691083009115, -115.3810222937858, -166.6924906745546, -56.39141640751687, 494.3738857861932, 523.7582574474663, 1102.637076174219, 1020.578640864105, 2184.201968800493, 1038.533836834055, 98.69257682678918, 100.6815068327086, 222.9699046339138, 191.6486268303482, 426.5907530150266, 184.3158886687227, -28.14801453957144, -48.39313349797441, -58.59671826663965, -87.45725006868923, -139.8764607822706, -117.7495460786794, -21.79477071212693, -22.55787522908696, -47.64606841156121, -30.89081078210291, -79.04257634187879, -34.50326690554671],
		[-11.49200156641874, -6.182865008187191, 5.524560832614283, -11.94994247919634, 7.247011343206669, -10.36397278518284, -21.89411810736098, -7.707614691509033, -35.002210086077, -50.21042440778296, -69.11897364448488, -18.31528422751141, 238.4837878447744, 300.794198905533, 518.9310604833046, 495.8848704594936, 1038.533836834055, 619.1658647149779, 47.95996650676573, 47.63813650466005, 102.3951229063825, 89.79473557175631, 188.2271322006237, 84.24324495733197, -20.02665250386095, -46.50181102726011, -41.88527743742574, -57.69234923096144, -100.5298613190676, -112.8147186518439, -10.39244024431152, -10.93346742567787, -21.89599722126726, -13.07781496684902, -32.94449438543498, -15.50851340799472],
		[-6.161456619618308, -4.450590393921405, -4.598804980815992, -9.601131367188557, -10.78332329276091, -8.143368631941666, -2.972258542684489, 0.8182181050326408, -4.146967844228595, -6.551284144917619, -8.272894828357165, 0.06760609872776326, 25.08479499559589, 26.50967625850413, 52.1363303659139, 54.94866845792458, 98.69257682678918, 47.95996650676573, 17.51184603105359, 16.44816942213248, 35.92289769598336, 32.43782152123855, 67.97355371863772, 29.14011961818639, 0.00540778491520176, -2.764526576299163, -1.432208513584056, -3.974184408305649, -4.299934823630116, -6.340369672398864, -3.114581188158403, -3.089285614977347, -6.630581093273105, -3.769390161181073, -9.967345434512325, -4.025372857609655],
		[-6.381219483701279, -4.370796494581638, -4.545488263571528, -9.823832464180104, -10.95488785076849, -8.240732622385593, -3.070894087368617, 0.5641915243181312, -4.256327497971791, -7.726127782141187, -9.573807565201747, -0.8404446596416421, 27.372699905271, 27.64230365932158, 55.28799003711265, 57.91557505954666, 100.6815068327086, 47.63813650466005, 16.44816942213248, 17.39171429234986, 35.05883811416344, 30.50655869252342, 65.7615846795004, 30.53145817520975, -0.3461068263343529, -3.081239950319079, -1.96097770351434, -4.726552992183789, -4.9651859430479, -6.837694806911639, -2.895924403365709, -3.040845675046957, -6.281370662073495, -3.29979365387938, -9.204905531403078, -3.896488319073599],
		[-13.16662655728556, -8.860740080034821, -10.11569126408324, -20.26484372377209, -23.52345213555895, -16.3870246999722, -5.503955076089748, 1.62158873701168, -9.080071915184586, -14.35113098637658, -20.59218845560397, -1.219468251280173, 56.59584777368759, 59.22987401060168, 120.7673656103105, 121.2184410152174, 222.9699046339138, 102.3951229063825, 35.92289769598336, 35.05883811416344, 80.35800651411417, 68.28294634800355, 155.0172904291611, 63.67044347015497, -0.0766582380227078, -5.653563318076944, -3.153028694688725, -8.364038460346826, -8.748012220853491, -12.52077272739814, -6.738502990364799, -6.593155404942479, -15.4498973902586, -8.561453933005311, -24.35375095717328, -8.963833008699154],
		[-10.33138941598466, -7.283801807725373, -7.636749175495019, -16.66418827971734, -19.51672829013989, -13.88474594829764, -5.085957029056054, 0.8372640935067938, -7.600951202574932, -12.26692447892354, -16.15433916555824, -1.637765065232567, 47.4717852580157, 49.37151060662694, 100.3173179823324, 104.3260129881896, 191.6486268303482, 89.79473557175631, 32.43782152123855, 30.50655869252342, 68.28294634800355, 65.36115058717058, 139.1035406158646, 58.79581155692215, -0.3701670561188135, -4.617845884707878, -2.960296442628909, -7.758456294384422, -8.108934944354665, -10.70246783996937, -5.759246577207421, -5.655510197051004, -12.76802352350944, -7.679801530960061, -20.5269202038063, -7.990710427372545],
		[-21.9514607557976, -14.40039929786401, -17.32593046223761, -34.99527235681288, -43.05305726203878, -27.34118364629298, -9.870680378861048, 1.45797537577421, -17.1203064799731, -27.46847849199178, -40.58930711241963, -5.907236677811665, 103.5138684478202, 106.3998110098589, 225.4847580873243, 225.0230923648321, 426.5907530150266, 188.2271322006237, 67.97355371863772, 65.7615846795004, 155.0172904291611, 139.1035406158646, 322.00962088081, 129.7085871595254, 0.1612187343441331, -8.455143605641409, -5.194319590853572, -14.13526033247031, -15.15264477567256, -19.4641096048946, -12.91041928744656, -12.47542387870381, -30.53534932936551, -18.34627949124013, -51.69707358290261, -18.64690455839162],
		[-9.599787631384757, -6.392760301043914, -6.805957078918896, -15.68702140261232, -18.54154867229388, -12.83496570034958, -5.942135719093794, 0.01146300790560029, -7.914502560289685, -16.08422896029113, -19.04823720668069, -4.108437903038814, 49.00725438770933, 47.52208852885969, 98.60598933757721, 105.9520147011758, 184.3158886687227, 84.24324495733197, 29.14011961818639, 30.53145817520975, 63.67044347015497, 58.79581155692215, 129.7085871595254, 59.2103703578405, -0.7025904046082075, -4.398807632818396, -3.334500474862341, -7.853774125717937, -8.18998675169723, -10.15475329693716, -5.197766417879871, -5.393848116712385, -11.78157693586045, -6.853231191503586, -19.05799724402382, -7.779879022468079],
		[0.6647714649515629, 0.7139450139478632, 0.3026323339376754, 1.544563588611403, 1.419765767349266, 1.87632545564171, 0.1949453393187776, 0.1856386854969781, -0.3378038438942431, 0.3709153839356162, -1.469293200027179, -0.2723815895648035, -10.32790279680495, -12.40152659638026, -17.59203151011337, -18.76341902969074, -28.14801453957144, -20.02665250386095, 0.00540778491520176, -0.3461068263343529, -0.0766582380227078, -0.3701670561188135, 0.1612187343441331, -0.7025904046082075, 5.145171855112527, 5.318759810105047, 8.201791382702497, 8.91660046343762, 13.61954251111933, 8.97881392818141, 0.07132308081826452, 0.1948988649177053, 0.1804617540856288, 0.04682295960267727, 0.1516307539343866, 0.3097693874642087],
		[2.19821619958694, 1.77522908388111, 0.9350012647759423, 2.898636846681842, 1.63218222080463, 3.037960193237263, 0.5388223401469943, -0.6484959254308252, 0.5795262162322488, 0.02428585873881366, -1.708957890965156, -2.547559850635251, -15.49349183224186, -25.13187363058997, -28.43059471134298, -29.3060698371244, -48.39313349797441, -46.50181102726011, -2.764526576299163, -3.081239950319079, -5.653563318076944, -4.617845884707878, -8.455143605641409, -4.398807632818396, 5.318759810105047, 10.22795407821293, 10.43363232659258, 10.65941353185447, 19.02787338610559, 19.79623933477933, 0.6521972044016524, 0.7686739563887207, 1.353441540873294, 0.3700450156065577, 1.175746407236243, 0.7148447253129457],
		[2.208978303225931, 2.012565090397973, 1.601065257565661, 3.35773237396139, 3.032448568489552, 3.570542017834875, 1.10204109477711, -0.4019960113144785, 0.246480732916798, 2.711799532639927, -0.6626020480547593, -1.439920040925188, -19.05754768298424, -22.28928874509452, -30.90882651808798, -40.2586727898362, -58.59671826663965, -41.88527743742574, -1.432208513584056, -1.96097770351434, -3.153028694688725, -2.960296442628909, -5.194319590853572, -3.334500474862341, 8.201791382702497, 10.43363232659258, 16.1695105345894, 15.18374581251973, 28.11585265519173, 18.47033221702193, 0.6113479241309395, 0.801628281300508, 1.174236403912996, 0.6025014216011126, 1.327634082121724, 1.03856968843298],
		[3.227574262646028, 2.590204069584648, 1.634184910047722, 5.228944801898819, 4.603733335023531, 5.489867325156438, 0.04779657222721758, -0.2063306747755794, 0.7591655107230915, 0.5988672833505775, 1.114039520548815, -0.2432090574286409, -23.52159151149521, -31.99961773758582, -49.07496486874886, -46.07368774257236, -87.45725006868923, -57.69234923096144, -3.974184408305649, -4.726552992183789, -8.364038460346826, -7.758456294384422, -14.13526033247031, -7.853774125717937, 8.91660046343762, 10.65941353185447, 15.18374581251973, 20.05916803035998, 31.50988649190256, 22.17251624993118, 0.7234567109583521, 1.019205001768966, 1.344436241855212, 0.2212836194470105, 0.8254911660722885, 0.9555615273826106],
		[3.439353574026711, 2.804070205700837, 1.63100118485312, 4.222756549468205, 2.165514128481041, 4.41815640053368, 0.8236757803299618, -0.3558155643424152, 2.858763535083288, 1.726924139985615, 4.447159985952917, -0.989108845164156, -30.95827930195879, -46.49492358230002, -64.69420037148441, -68.27721022236703, -139.8764607822706, -100.5298613190676, -4.299934823630116, -4.9651859430479, -8.748012220853491, -8.108934944354665, -15.15264477567256, -8.18998675169723, 13.61954251111933, 19.02787338610559, 28.11585265519173, 31.50988649190256, 62.71782970882298, 42.44618414221338, 1.233753017320028, 1.530642960563261, 2.017765473489826, 0.9621416507748449, 1.637402679313614, 1.721665893502098],
		[3.269101447429156, 2.334172112617916, -0.05275809100758232, 3.467550046310752, -0.4680880921767328, 3.810197475028774, 1.298851556318813, -0.4987728649473185, 3.801704457956522, 1.070757150764282, 2.365814323269132, -2.732784877824104, -29.49348152425552, -54.32312538898548, -61.48152029011169, -59.04206242767336, -117.7495460786794, -112.8147186518439, -6.340369672398864, -6.837694806911639, -12.52077272739814, -10.70246783996937, -19.4641096048946, -10.15475329693716, 8.97881392818141, 19.79623933477933, 18.47033221702193, 22.17251624993118, 42.44618414221338, 46.25044559197566, 1.351072574080989, 1.533486754474402, 2.482039854708263, 0.6374620753988839, 1.616646010037315, 1.252986870754727],
		[1.032300314289437, 0.7509767419791179, 0.7510521421028936, 1.509716202943904, 1.498594066439438, 1.242732938592178, 0.3708285357619171, -0.2738724830459482, 0.6109622267422623, 0.7872225486478834, 1.040222946781921, -0.3558819700485968, -5.112065836442599, -5.301761688925568, -11.08966100928848, -11.50109132359263, -21.79477071212693, -10.39244024431152, -3.114581188158403, -2.895924403365709, -6.738502990364799, -5.759246577207421, -12.91041928744656, -5.197766417879871, 0.07132308081826452, 0.6521972044016524, 0.6113479241309395, 0.7234567109583521, 1.233753017320028, 1.351072574080989, 1.136349086319555, 1.092892102668759, 2.357019415018377, 1.723115656160561, 4.026748781706566, 1.682847762788854],
		[1.141061532304769, 0.8478108097577643, 0.8130293806022232, 1.675927070965424, 1.69889957141056, 1.450558752673968, 0.4155899122116383, -0.2879195111286115, 0.5627764410049725, 1.127312076248414, 1.200060564808389, -0.2546254874332284, -5.655727950370668, -5.722249407694951, -11.82244536197578, -12.56249858544215, -22.55787522908696, -10.93346742567787, -3.089285614977347, -3.040845675046957, -6.593155404942479, -5.655510197051004, -12.47542387870381, -5.393848116712385, 0.1948988649177053, 0.7686739563887207, 0.801628281300508, 1.019205001768966, 1.530642960563261, 1.533486754474402, 1.092892102668759, 1.148145336239111, 2.299296972708758, 1.613142033629555, 3.867495111802793, 1.742954854844666],
		[2.06273703370222, 1.397770789674516, 1.520374741048335, 3.105958358852732, 3.172743241742792, 2.382454273367395, 0.8429890556463707, -0.3261410346137388, 1.423932092360083, 1.936334438622189, 2.695032354439762, -0.2155383839476716, -11.76472833259708, -11.97708072270938, -25.35042084117467, -25.28736828582609, -47.64606841156121, -21.89599722126726, -6.630581093273105, -6.281370662073495, -15.4498973902586, -12.76802352350944, -30.53534932936551, -11.78157693586045, 0.1804617540856288, 1.353441540873294, 1.174236403912996, 1.344436241855212, 2.017765473489826, 2.482039854708263, 2.357019415018377, 2.299296972708758, 5.610691213355075, 3.838231081819537, 10.09942054699668, 3.787656183558201],
		[0.3040150343577975, 0.1702944346700532, 0.1120081933979385, 0.5376836351413058, 0.2844300545873061, 0.1886534546434205, 0.6234537894618666, 0.2097875663011808, 0.9714212050024238, 1.159416249716806, 1.546717059839541, 0.3804634405969349, -6.874710786519477, -6.262334125315661, -15.27812660324575, -15.0413150906268, -30.89081078210291, -13.07781496684902, -3.769390161181073, -3.29979365387938, -8.561453933005311, -7.679801530960061, -18.34627949124013, -6.853231191503586, 0.04682295960267727, 0.3700450156065577, 0.6025014216011126, 0.2212836194470105, 0.9621416507748449, 0.6374620753988839, 1.723115656160561, 1.613142033629555, 3.838231081819537, 3.288962063549856, 7.729968376551938, 3.068088040839065],
		[1.640946905887594, 0.9503266091362088, 1.230778045018704, 2.82002751081008, 2.935986457577878, 1.652642332385454, 1.458914267013585, 0.4420215829313536, 2.445337701213544, 3.259707592958282, 4.711435994776179, 1.334699236493854, -19.30030005858367, -17.94346623971912, -42.33838025591665, -39.81769149773344, -79.04257634187879, -32.94449438543498, -9.967345434512325, -9.204905531403078, -24.35375095717328, -20.5269202038063, -51.69707358290261, -19.05799724402382, 0.1516307539343866, 1.175746407236243, 1.327634082121724, 0.8254911660722885, 1.637402679313614, 1.616646010037315, 4.026748781706566, 3.867495111802793, 10.09942054699668, 7.729968376551938, 20.3918971209518, 7.455607045959827],
		[0.7535823199409354, 0.54081049404381, 0.4662891024091732, 1.266508559281099, 1.22960469981405, 0.9684045078576433, 0.7461542269046895, 0.1157892368714334, 0.9510809393072926, 1.872230742891353, 1.98735888786699, 0.4908421447813999, -8.552521505654823, -7.853780889795773, -17.85123673808657, -18.30689122967635, -34.50326690554671, -15.50851340799472, -4.025372857609655, -3.896488319073599, -8.963833008699154, -7.990710427372545, -18.64690455839162, -7.779879022468079, 0.3097693874642087, 0.7148447253129457, 1.03856968843298, 0.9555615273826106, 1.721665893502098, 1.252986870754727, 1.682847762788854, 1.742954854844666, 3.787656183558201, 3.068088040839065, 7.455607045959827, 3.194754073782611]],
	"COVCC" : [
		[8.827486000464763, 7.528035220624605, 11.26512660569631, 14.88987731763444, 23.08486248073977, 14.05291017477895, -0.9968455316092234, -2.826027622406168, -1.117665178156024, -1.9340876778721, -2.305545908634303, -4.811897264882487, -7.912237772143932, -9.130772289741834, -18.15303020973435, -16.33193778915544, -28.07166675443777, -11.61056524502856, -6.157499799989249, -6.37443063823641, -13.15178014270507, -10.32797797158032, -21.93532419354377, -9.595913051608074, 0.6729994334510376, 2.215061645001881, 2.226194782196373, 3.24330407966588, 3.470085002624004, 3.299176237637104, 1.031225131879597, 1.139612575863066, 2.059683535014709, 0.3037528282174735, 1.637046469073947, 0.7528106014429758],
		[7.528035220624605, 6.95731589654836, 10.51251494583305, 13.07378158976084, 21.52666060165975, 13.0921466684988, -1.303940425088809, -2.743146489389472, -1.867882619325248, -3.015525972066569, -4.243003985781533, -5.083812671332116, -4.240166031413282, -5.319970840190494, -10.87938189367048, -9.019838249718937, -16.17469865974568, -6.232573805875381, -4.448931464738912, -4.367950215268222, -8.854515598579543, -7.28237153159268, -14.39363391138256, -6.391135851596123, 0.7173946574332951, 1.782291675459889, 2.019783240847413, 2.596798924780439, 2.816954609969696, 2.346781215839836, 0.7505259629081973, 0.8472033228489221, 1.396490585228447, 0.1701845025885355, 0.9486913189129424, 0.5404869447145626],
		[11.26512660569631, 10.51251494583305, 19.25477401469568, 20.3756432735842, 39.27214613168855, 20.07607814485203, -3.307106680335421, -4.265829700284715, -3.992071157594163, -7.777479014614973, -8.402394516199584, -8.236568969902034, 0.1088809708768861, -1.097291884192647, -6.423640425869181, 1.94831915826795, -4.549502675334731, 5.380055273094998, -4.59398240411191, -4.537214010242906, -10.09759643545643, -7.632591302795736, -17.30626320001576, -6.801234736249568, 0.3126605922176544, 0.955532514679621, 1.62204872363003, 1.653356430670577, 1.668456688396438, -0.01610289915302619, 0.7497417084393885, 0.8112633906820174, 1.516653133035629, 0.1116886162267408, 1.226024187760441, 0.4653485309403508],
		[14.88987731763444, 13.07378158976084, 20.3756432735842, 29.41649609433134, 48.08154757565998, 28.10899284465194, -1.636637033505626, -4.188652137074988, -2.368438464245416, -3.111389221585584, -4.660843061270854, -7.094699651738771, -11.18416779276675, -11.63731147175553, -24.16854176558587, -24.21398670200161, -37.21915943258915, -12.09702243440183, -9.596222875307891, -9.815410803359711, -20.24642653212399, -16.65995633367738, -34.97525471834812, -15.68221493045595, 1.554770502335103, 2.919533864943224, 3.379089664705567, 5.248457867028014, 4.26087933036104, 3.504858257800685, 1.5083824236404, 1.674129619578631, 3.10217044964272, 0.537358364638352, 2.81518896262602, 1.265551231341868],
		[23.08486248073977, 21.52666060165975, 39.27214613168855, 48.08154757565998, 93.11047238682781, 47.56448393149248, -5.423480296358013, -7.309122693206306, -7.063297016250418, -11.38254520881491, -13.37398523225581, -13.1939414647979, -4.392146236767578, -4.557647371689417, -17.96914190337726, -8.281223196021362, -20.88317527022609, 7.091897817542314, -10.77814669694103, -10.94600619520927, -23.50402898897598, -19.51226519338573, -43.03194625154516, -18.53647966855955, 1.430530187093772, 1.654220643197857, 3.054972403646692, 4.624312212168816, 2.205719192074892, -0.4287420901171737, 1.497187435536297, 1.697003942455369, 3.168748435301352, 0.2840870176694794, 2.930883625809417, 1.22859508221073],
		[14.05291017477895, 13.0921466684988, 20.07607814485203, 28.10899284465194, 47.56448393149248, 28.36431788613583, -2.193231737602262, -4.41551821782901, -3.250437935914082, -4.579514912503731, -6.646085698599794, -7.738541668915688, -9.066663690156087, -10.01858689011297, -20.88435563584959, -19.26739811281151, -30.77678331227244, -10.44526010923861, -8.14065583420134, -8.23607818615573, -16.37684598987126, -13.88240706011497, -27.33012041022901, -12.83230928629783, 1.881966555425216, 3.049509439991105, 3.582345645400914, 5.500651696461571, 4.439225885087257, 3.830816767937086, 1.241995792933469, 1.449565347330945, 2.380360792967446, 0.188473685967652, 1.64996819073476, 0.9678754172258495],
		[-0.9968455316092234, -1.303940425088809, -3.307106680335421, -1.636637033505626, -5.423480296358013, -2.193231737602262, 11.15744022012472, 5.489451824704582, 11.62611549637346, 25.32044319590176, 24.89266161481762, 11.92721753889617, -17.92570003524572, -8.390104692812283, -14.61419097007972, -44.78744298046157, -39.45136276450939, -21.90400875338768, -2.971928462656597, -3.070327758217816, -5.502716580176809, -5.085672444523601, -9.869334258133252, -5.94181249955875, 0.1956317208894351, 0.5402275962904847, 1.103477302739948, 0.04910876204818374, 0.8262394126810707, 1.301360411541271, 0.3707388434653002, 0.4154690394836576, 0.842734331138703, 0.6234319160841983, 1.458588890470569, 0.7460898497312999],
		[-2.826027622406168, -2.743146489389472, -4.265829700284715, -4.188652137074988, -7.309122693206306, -4.41551821782901, 5.489451824704582, 5.924728075798173, 8.549823810201341, 11.9398663748146, 18.08972345767285, 11.93442750754689, -5.553327072172867, -2.193272299316328, -4.314161799453634, -12.87295638769736, -14.42797863985982, -7.687063907288223, 0.8175322647538058, 0.5630148056139479, 1.61901539021548, 0.8366727837679517, 1.455178406138717, 0.0107914223587402, 0.1842125218759522, -0.65141576663249, -0.404980164206091, -0.2090571427731829, -0.3611422796173234, -0.5039857643048332, -0.2736861203928851, -0.2876683617755554, -0.3256117680341139, 0.2098330148050932, 0.4426976503093568, 0.115922999761694],
		[-1.117665178156024, -1.867882619325248, -3.992071157594163, -2.368438464245416, -7.063297016250418, -3.250437935914082, 11.62611549637346, 8.549823810201341, 18.49073661691491, 25.4045403198041, 38.8958622085826, 18.38476811348818, -18.1622976272759, -13.47421319986, -24.66955522383867, -43.7656965964926, -62.95635126024008, -35.14451966376807, -4.142218553914617, -4.248178984510978, -9.062252065008304, -7.596856515077118, -17.10093809172255, -7.909851980801808, -0.3279279802558592, 0.5997454625573182, 0.2671453232899929, 0.7780456909224569, 2.895649845265318, 3.837802618403497, 0.6096717071119729, 0.561037287988388, 1.420267039843199, 0.9711064842925483, 2.440656086048857, 0.950154661252928],
		[-1.9340876778721, -3.015525972066569, -7.777479014614973, -3.111389221585584, -11.38254520881491, -4.579514912503731, 25.32044319590176, 11.9398663748146, 25.4045403198041, 67.57754333798053, 64.89376737866506, 32.0628953457606, -48.74723179168975, -19.42101074602914, -46.50875700318829, -126.0441518234892, -115.5927989975446, -50.37138027701722, -6.545912572862282, -7.716911599447572, -14.33097626790096, -12.26229327984231, -27.44657233629156, -16.07896903277213, 0.3820852450380484, 0.04715435726375344, 2.735171726977456, 0.6202212629251996, 1.768643525388341, 1.111585118120868, 0.785762937058648, 1.125345048518746, 1.932189167986049, 1.159060292329777, 3.254412563273856, 1.871183098089002],
		[-2.305545908634303, -4.243003985781533, -8.402394516199584, -4.660843061270854, -13.37398523225581, -6.646085698599794, 24.89266161481762, 18.08972345767285, 38.8958622085826, 64.89376737866506, 98.03736949689271, 47.99187135094724, -46.24480943787479, -25.14356983595195, -67.11727301544933, -113.98974021584, -167.1796910787747, -69.48925877576082, -8.260537321463312, -9.552605384536925, -20.5458217551408, -16.14368491499927, -40.53891116365555, -19.03613654231138, -1.443596507484526, -1.656348035737904, -0.6088334213519769, 1.163165167023655, 4.54313702720089, 2.459740623218841, 1.036865054513045, 1.195535342307534, 2.685496000848062, 1.545898166260752, 4.699254576533181, 1.984948740942776],
		[-4.811897264882487, -5.083812671332116, -8.236568969902034, -7.094699651738771, -13.1939414647979, -7.738541668915688, 11.92721753889617, 11.93442750754689, 18.38476811348818, 32.0628953457606, 47.99187135094724, 30.33799645829072, -18.29158142885665, -4.904277716767474, -22.0911583142396, -44.08426109746364, -56.41386101137353, -18.33234271722839, 0.06817539083935828, -0.8394679064579477, -1.217332205794533, -1.637274239627509, -5.904915010801145, -4.107880443283405, -0.2711977808496417, -2.545136192220144, -1.437442999617736, -0.2409459113705113, -0.9846873244685954, -2.7284578317547, -0.3560366631915323, -0.2548339577577913, -0.2159777096886781, 0.3804257153778721, 1.334138056526621, 0.4907311128682862],
		[-7.912237772143932, -4.240166031413282, 0.1088809708768861, -11.18416779276675, -4.392146236767578, -9.066663690156087, -17.92570003524572, -5.553327072172867, -18.1622976272759, -48.74723179168975, -46.24480943787479, -18.29158142885665, 149.2020184556463, 136.2266704044746, 278.6858185146378, 289.7324326728233, 493.8214295396959, 238.0639065557062, 25.0988076725467, 27.39674191559403, 56.64842485096107, 47.48386654370854, 103.5710144527326, 49.02097582053181, -10.29876427765237, -15.4338353892343, -18.99657726212614, -23.46588595373466, -30.84944705243993, -29.38697469325101, -5.115873486319193, -5.660859283217959, -11.77554198969774, -6.875639363074218, -19.31411306149017, -8.555254468747064],
		[-9.130772289741834, -5.319970840190494, -1.097291884192647, -11.63731147175553, -4.557647371689417, -10.01858689011297, -8.390104692812283, -2.193272299316328, -13.47421319986, -19.42101074602914, -25.14356983595195, -4.904277716767474, 136.2266704044746, 168.5893076818626, 297.0623688294848, 253.798128908733, 522.8870954355002, 300.1320928457486, 26.53177269043498, 27.68021523370873, 59.3127822095971, 49.39056144950915, 106.489923899216, 47.54372570121583, -12.35557839481387, -25.03780205977018, -22.19314517745106, -31.91177627306431, -46.32330723791296, -54.15517597077489, -5.307765928986909, -5.730340948474255, -11.99413265638966, -6.263798387191278, -17.96524780790595, -7.858090468411566],
		[-18.15303020973435, -10.87938189367048, -6.423640425869181, -24.16854176558587, -17.96914190337726, -20.88435563584959, -14.61419097007972, -4.314161799453634, -24.66955522383867, -46.50875700318829, -67.11727301544933, -22.0911583142396, 278.6858185146378, 297.0623688294848, 625.2511854296813, 518.0285822849557, 1101.728938792419, 518.2408521691819, 52.15936465295258, 55.32751072032767, 120.8537927429578, 100.337177414147, 225.5786957043039, 98.62854487234937, -17.54413309524243, -28.33253039167258, -30.80860225830921, -48.98339508435934, -64.51529998840401, -61.30644247125173, -11.09592009172563, -11.83088033797005, -25.36819652261433, -15.27965301386482, -42.3610863152179, -17.85572923131636],
