{
	"Steps" : 1024,
	"EX" : -0.2112853018409912,
	"EX2" : 4.90900776992977,
	"EC" : [-0.004348858565843208,
		0.05638117593763359,
		-0.04512734338711855,
		0.01380071890115539,
		-0.1201983219351325,
		0.01878062765634158
	],
	"EXC" : [-4.175525690962257,
		-1.68510090628584,
		-4.539084378328441,
		-1.770458975533101,
		-6.998246963405714,
		-1.635255240073028
	],
	"COVXC" : [-4.176444540857005,
		-1.673188392509707,
		-4.548619122697271,
		-1.767543086474447,
		-7.02364310213656,
		-1.631287169489894
	],
	"alpha" : [-0.9091984896240233,
		0.2061879934798079,
		-1.001571383886084,
		0.1128877894261276,
		0.4487772234076367,
		0.1475078142841418
	],
	"ECC" : [
		[4.874523080495765, 2.226624974849166, 4.469270282136647, 1.795689192342127, 8.330020864743489, 2.247818552228416],
		[2.226624974849166, 2.197701707623027, 1.641856319971018, 1.548718122115631, 2.334017355456873, 2.175454101885142],
		[4.469270282136647, 1.641856319971018, 5.62305401465195, 2.276545983583259, 9.382373633285441, 2.305640538794802],
		[1.795689192342127, 1.548718122115631, 2.276545983583259, 2.065923751884239, 2.803667409870636, 2.268391450753529],
		[8.330020864743489, 2.334017355456873, 9.382373633285441, 2.803667409870636, 19.26600347224463, 3.40242790917084],
		[2.247818552228416, 2.175454101885142, 2.305640538794802, 2.268391450753529, 3.40242790917084, 3.324169245350518]],
	"COVCC" : [
		[4.874504167924939, 2.226870168609094, 4.469074029702805, 1.795749209716736, 8.32949813924154, 2.247900226521871],
		[2.226870168609094, 2.194522870622917, 1.644400652658125, 1.547940021355199, 2.340794278193306, 2.174395228013031],
		[4.469074029702805, 1.644400652658125, 5.621017537530771, 2.2771687733641, 9.376949402336919, 2.306488058628076],
		[1.795749209716736, 1.547940021355199, 2.2771687733641, 2.06573329204205, 2.805326233124053, 2.268132264590457],
		[8.32949813924154, 2.340794278193306, 9.376949402336919, 2.805326233124053, 19.25155583564861, 3.40468530910002],
		[2.247900226521871, 2.174395228013031, 2.306488058628076, 2.268132264590457, 3.40468530910002, 3.323816533375351]]
}