{
	"Steps" : 1024,
	"EX" : -0.4748913660140635,
	"EX2" : 376.4108569426579,
	"EC" : [-0.1264926307686342,
		-0.1292787557025055,
		-0.1014917475851555,
		-0.1690141713326171,
		-0.0307693219763862,
		0.1027617589245646,
		-0.1902275744510674,
		-0.1288023702821615,
		-0.1334525796458246,
		-0.1103194902851099,
		0.08094603780320592,
		0.6493739969932449,
		-1.665172694552253,
		-2.428042524222004,
		-0.9556637555921369,
		-2.313079226652016,
		-1.037636177585446,
		-2.506560360845492,
		-4.164479196725571,
		-6.067755991754959,
		-1.664427638744822,
		-5.006775603214936,
		-0.9037123743277182,
		-4.911889362122457,
		0.2465781976951344,
		0.4406153543108637,
		0.1787315876369322,
		0.497327632115,
		1.037706885715186,
		0.3140396710419432,
		0.9381329808571862,
		2.661196588988132,
		1.166208820445034,
		1.972297344372062,
		5.251071528738762,
		2.028569273837626,
		0.2142652206199641,
		0.08947136444575235,
		0.3803523416380242,
		0.7630530245102308,
		0.003796233887024688,
		-0.1210379983122504,
		-0.02508852594989816,
		-0.7430480706412508,
		-0.1425730984136658,
		-0.2139732390186381,
		0.4334452036319451,
		0.4841902237515355,
		-0.4422945486928815,
		-1.143156977175508,
		-0.5469331564956683,
		-1.521358812651325,
		-0.3939984318554902,
		-0.9540816908629793,
		-0.4851568920057044,
		-2.552928718984974,
		-1.080394161392095,
		-1.264927241899213,
		-1.672313468844297,
		-3.663768847235334,
		-0.05260690484080163,
		0.3258102467983879,
		-0.3283800848151878,
		0.2175532953660376,
		0.2523100757042885,
		-0.04771685518501275,
		0.3751514707418378,
		0.8006981641571483,
		0.863687754813768,
		-0.5852857879245751,
		1.402644599447327,
		0.3491882301279273
	],
	"EXC" : [45.37912171762282,
		80.46138267026843,
		44.5230069967439,
		72.43680782998347,
		83.43352542937565,
		139.955786351282,
		87.00237831850535,
		157.7236349180838,
		86.69873236673773,
		150.2800069849835,
		159.6531007736839,
		283.9917091130023,
		361.8996183731322,
		666.8405418657667,
		304.9798608314447,
		587.3020984213887,
		566.060487433077,
		1067.575603267276,
		693.8448564099917,
		1346.833286472854,
		501.8815711892345,
		1112.497615387509,
		964.8324732645934,
		2149.521831041116,
		164.1880811206707,
		331.9426646664492,
		229.7558586270283,
		284.3335151221835,
		618.0476872183734,
		431.4968261911371,
		284.7465595568054,
		559.2041010968426,
		388.4810983142594,
		451.186165770453,
		945.7887474198953,
		698.0327255496647,
		54.39048762942744,
		164.2613900941349,
		154.9185351335882,
		462.6147228847734,
		60.31643464610386,
		77.07787761854755,
		179.4308751097204,
		267.6068750692371,
		180.634295134327,
		246.3513238056329,
		520.0182491736782,
		774.5963540209036,
		15.6273429618063,
		-30.35421162554508,
		14.06906042053052,
		-87.21524954183273,
		16.64104855054916,
		21.79433472739535,
		5.601970191090443,
		-55.5242870503494,
		-17.11175735439872,
		11.89264096084769,
		-91.73992043453285,
		-179.3974016198792,
		-11.06630267978388,
		-34.98691560242871,
		-21.93936745999527,
		-63.5423265313057,
		-10.83338959902624,
		1.484391690651726,
		1.293625810274057,
		2.963137587057125,
		-24.27396920888006,
		23.0144204125453,
		6.702830105347841,
		86.56488304521991
	],
	"COVXC" : [45.3190514594064,
		80.39998930537628,
		44.47480944209403,
		72.35654445928358,
		83.41891334403095,
		140.0045870233517,
		86.91204088582074,
		157.6624677845147,
		86.63535688889162,
		150.227617211544,
		159.6915413481497,
		284.3000912174884,
		361.108842237567,
		665.6874854346987,
		304.5260243651015,
		586.2036370677451,
		565.5677229712778,
		1066.385259393518,
		691.8671811955215,
		1343.95176154129,
		501.0911488742394,
		1110.119940881973,
		964.4033080606652,
		2147.189217192227,
		164.3051789778034,
		332.1519090939447,
		229.8407367148311,
		284.5696917207551,
		618.5404852588529,
		431.6459609195009,
		285.1920708095875,
		560.4678803802191,
		389.0349208140582,
		452.1227927505078,
		948.2824359512157,
		698.9960755831717,
		54.49224033273696,
		164.3038792726157,
		155.0991611766754,
		462.9770901779242,
		60.31823744480018,
		77.02039771818943,
		179.4189607853608,
		267.2540079559562,
		180.5665884008645,
		246.2497097618649,
		520.2240885585232,
		774.8262917776716,
		15.41730109939696,
		-30.89708700400447,
		13.80932658672391,
		-87.93772970657025,
		16.45394209703791,
		21.34124956993242,
		5.371573371914717,
		-56.73665085704471,
		-17.62482721353583,
		11.29193793503377,
		-92.53408766215604,
		-181.1372938125026,
		-11.0912852446855,
		-34.83219112926524,
		-22.09531232704497,
		-63.43901234968847,
		-10.71356972251592,
		1.46173136811102,
		1.471782004676833,
		3.343382231998666,
		-23.86381135118693,
		22.73647324520918,
		7.368933915211631,
		86.73070952082141
	],
	"alpha" : [0.45169338835567,
		0.09160207803220022,
		1.581659636859901,
		-0.8151576381970359,
		-0.6555022965788843,
		0.3484295536396017,
		-0.02579310403893945,
		-0.0027577767944059,
		-0.5876494067530772,
		0.3184611616122257,
		0.2830154082733712,
		-0.170413341279269,
		0.8713859646983934,
		-0.03750873923851951,
		0.6900521224428835,
		-0.549943427255759,
		-0.09867036649045834,
		0.08657792457991258,
		-0.1885472278086798,
		0.02151331623170359,
		0.009172109125418309,
		0.1052433394673274,
		-0.002336435463181813,
		-0.01990046351375613,
		0.9073638700949584,
		-0.611824035615526,
		0.7768612217339566,
		-0.1891382229250149,
		0.1183570431950983,
		-0.00240880294201048,
		-0.08567932441785084,
		0.140717281722216,
		-0.1706895215098486,
		0.03292357376292436,
		-0.03663704628883805,
		0.02085255206333687,
		0.5134462777228019,
		-0.1053995985039865,
		0.141865022084588,
		-0.005696837205551791,
		0.9812894492174139,
		-0.4414199115229997,
		-0.2648523906730411,
		0.1261289458844155,
		-0.1764660022862648,
		0.06026583821298384,
		0.08231471207515349,
		-0.04048599775981671,
		0.4225819301124119,
		0.0732883190436782,
		0.08085343013182383,
		-0.0803140957330347,
		1.120496808317982,
		-0.531907675764183,
		-0.2892500600630327,
		0.08042417916576036,
		-0.1963285167795354,
		0.1259185393138536,
		0.06938549678934,
		-0.01282236838825852,
		0.3828369975180688,
		0.007972896907123904,
		0.09577596320053065,
		-0.009664550499900462,
		1.074196199434493,
		-0.3826226806847083,
		-0.2368958641991638,
		0.04379511417840778,
		-0.220368471206191,
		0.02755230317034892,
		0.1369451929149863,
		-0.02834806699555506
	],
	"ECC" : [
		[37.14919486219158, 64.76580012649875, 35.32400221099673, 67.13823026080703, 67.43981764846667, 124.2954992686149, 65.32349549419216, 115.8227863454155, 61.98161670335431, 115.5529523256632, 119.213118724089, 217.080216337447, 41.37119064032475, 73.29801077793428, 43.28045874155202, 69.91873050952115, 75.18338701931903, 124.1023935790976, 74.29509715744219, 120.7239038806115, 71.58843862572337, 113.8504948059146, 120.1911962017575, 191.6976142625874, 11.14843912829103, -0.2429604486460739, 4.923609358459466, 19.07019310040877, -0.5881527804688969, 11.67816647891374, 26.12091386057493, 12.53841582534855, 18.90648392843241, 41.70283801323797, 11.99093563501827, 37.68347097940056, -11.59445793540898, -23.00418997168062, -27.39837603628455, -59.54524364132398, -9.102052744672759, -20.07136896728716, -22.3462438724398, -42.49564495535661, -18.67990523100529, -47.07706113638075, -50.11909129671795, -101.0012325661778, 10.40683156095788, 6.464948787793934, 24.02953448532708, 19.5983427886938, 12.87551570810376, 24.7943277341491, 25.35887564302429, 20.62248974949332, 11.55724612128506, 57.41945573382241, 24.41252184253549, 56.88613158322431, -11.46475960713141, -19.64000983711924, -19.75400173366062, -39.57388090482358, -8.985043045583566, -14.83045301800854, -17.28255369626736, -26.90714227526695, -13.55205883070576, -35.15248059895583, -27.413159194434, -71.34230499948497],
		[64.76580012649875, 130.1966036618396, 65.63696413119877, 128.1100418674857, 138.4494635482862, 269.4452665349396, 121.9098028668852, 243.1698096750177, 123.3840501328096, 240.3363583643476, 256.7974127187816, 500.9848732615128, 75.95003744297757, 162.0422293511325, 84.66970692605298, 148.0275359496604, 176.3396780739651, 314.4139615062095, 125.8551074363063, 251.7057433296949, 128.9130651633935, 225.0145910932723, 257.5521042986595, 465.9262608033128, 8.145326448051071, -1.2458652500837, 11.87340425121899, 16.70554268418489, 17.39388385278131, 37.15684266900496, 33.65541513125122, 28.48598498737355, 44.69357290335866, 55.93056840084, 60.90222449144592, 100.7519390959017, -18.24236067849433, -27.3645682217847, -30.17111462977573, -53.08844489084219, -9.881311252685322, -29.69950021628509, -9.946023093105302, -46.50574950123296, -10.60905649835684, -46.55095753965096, -10.99972925102856, -78.59779926178821, 13.35198219940715, -4.766087202754387, 30.19314843027788, -2.759832193311064, 18.85545132769311, 33.67647923792421, 32.59667869412264, 0.4458798996477781, 5.990974165429881, 72.72981559420263, 4.889747247259291, 10.1718922041915, -12.3585607405393, -19.45721243375813, -19.7474514172153, -34.05011785169251, -4.919678235663743, -7.664897475870426, -7.471983873444826, -10.92146685035979, -6.787248164637795, -18.62014077775621, -8.050258368211432, -29.28022816549623],
		[35.32400221099673, 65.63696413119877, 37.59765341800063, 68.4860510654287, 74.37634630949343, 131.1816093340286, 62.14528497498442, 116.3069966964313, 64.62709902486476, 116.9032240052398, 128.3492087281658, 225.9437697233737, 43.50389031276521, 84.91473749575306, 51.19128675017198, 84.37316171236559, 98.33697927324087, 162.5685084070093, 75.61560628274073, 135.4531899375504, 79.99835820795413, 130.3115146911693, 148.0481901795806, 239.6055333545557, 9.107852353009699, 2.323813558561797, 8.076838607139649, 14.31708517086364, 3.067619788302859, 16.73861165519492, 28.26684120215043, 24.05046023383905, 27.43815183836258, 41.11558648769622, 26.72011944515456, 49.51175115430377, -11.30564869649762, -19.63576240680664, -22.13609917647333, -44.46648627842809, -7.71148259968392, -18.51765928876632, -14.62019478161097, -34.41048037327839, -13.34181378602655, -34.43230895761154, -30.71134635216333, -69.14999916487582, 6.65982342249927, -3.179107660262827, 17.24534731455165, 3.591429748178329, 9.280401979895689, 18.1843939135038, 18.15215642505842, 6.247727411329762, 4.832807133498903, 41.90875736283125, 12.22894855040582, 27.16113044259246, -11.99507198692321, -21.55893114011986, -23.36156056309224, -45.24846685468841, -7.219373288821981, -14.03479876127721, -15.30331633371661, -26.77609919465174, -11.25851002187404, -37.30381518996553, -23.31528828943812, -72.70533402942962],
		[67.13823026080703, 128.1100418674857, 68.4860510654287, 137.8883947751943, 139.5131000375557, 271.0619793350509, 124.5863111539427, 240.7271583565221, 123.4822225891896, 246.9662139578475, 253.6756342682367, 493.1101958504767, 78.06991288922097, 154.040171435876, 89.82475272205565, 159.8656475826195, 175.2807784713908, 308.8315253470713, 135.6101117764009, 247.1168636150213, 143.2092505969692, 248.2704594624237, 272.0745829161389, 464.8048839899294, 12.75757073179245, -1.722722669108199, 9.121774686797592, 24.08115788765372, 7.931817893454974, 29.65163516303974, 49.95629313780031, 37.2534771744081, 43.15105710249392, 81.22419982658424, 62.63045509859248, 94.36324666875623, -23.18815570844491, -41.60809231349291, -43.00825488232848, -86.70837762482961, -17.41954058797824, -45.0524542321042, -28.79655658114445, -84.75394723689648, -30.46666703410829, -78.42606533973012, -57.47678044452574, -150.9742322292054, 13.80683511997167, -1.818487887652675, 36.35409336288723, 15.67059752362521, 16.96594872745247, 37.50543258446898, 35.73114102877355, 9.903685983828359, 3.784486735714583, 93.36409493485526, 15.07436729981734, 60.94809923008787, -20.12787139399502, -33.7138462977591, -35.82663600254189, -65.59015183130309, -12.53479680415083, -24.04970505638659, -22.4696636613459, -38.66497391501109, -16.82324719888823, -55.09925313904112, -28.52293470934817, -97.46026410890505],
		[67.43981764846667, 138.4494635482862, 74.37634630949343, 139.5131000375557, 162.9119228400718, 299.3274992099022, 126.547303576944, 255.2435417025612, 134.8494621142709, 254.5266459766859, 291.361913635954, 540.3262797946904, 84.99242804032743, 186.974580436738, 106.0486074855242, 183.0292207630218, 234.4374449477945, 401.273694994483, 138.7331662827916, 282.9706968617086, 158.3091264747574, 272.0357778307594, 339.561770743739, 580.6701942702589, 6.143075601495707, 1.36204925667864, 16.97261390275687, 11.59560152703843, 13.2796360902736, 43.8475463672329, 43.94339167746243, 63.69182546612571, 69.25686555498548, 67.98391824102066, 104.3577228265525, 138.5881128682569, -20.16599675544812, -29.44612011274631, -29.32810316273153, -46.09131057026201, -11.9442088355326, -34.37692263676852, -8.759109563981694, -51.34280963806579, -12.58951079575005, -42.22228950350156, -2.834686917547653, -53.66337532431427, 7.720350225727173, -22.29050040379086, 21.04924188143268, -28.13662871911178, 15.27743839166857, 24.75691644343565, 24.45205852386971, -23.24262721606233, -2.761129448658102, 51.25179491278673, -10.6727558289878, -32.79142472205058, -18.36669312514452, -28.31378167189633, -39.78685227555938, -61.9766991846736, -4.962118186026888, -15.20723383877706, -12.99890647938877, -17.00419707325345, -1.514717485009065, -53.87001728373848, -2.971533377929384, -73.56776504387594],
		[124.2954992686149, 269.4452665349396, 131.1816093340286, 271.0619793350509, 299.3274992099022, 617.3958352552698, 248.0140688998472, 527.8296361495514, 256.0765338659136, 532.8377411800949, 575.1907976858181, 1195.562807767188, 146.890630018264, 337.0703830586775, 173.1510640568299, 327.8228774242182, 399.7815797480318, 753.048803427439, 227.5622200493991, 500.4355867415075, 254.2508262171101, 482.369413773436, 579.9039914978592, 1112.662812082143, -3.650666114067071, -11.72302141385833, 21.67929889741018, -0.7077798011638726, 25.04294412983559, 80.29779585109465, 52.87885059518452, 83.63180438813843, 106.2320620858934, 92.44648029863389, 198.4007816297229, 252.0079522931687, -32.98937062838149, -44.88395061017243, -39.41134835290816, -50.50857616223329, -15.73213479324654, -62.88411446494326, 8.018688803660215, -91.49368261077281, -6.127145085122068, -65.59017133076034, 57.52769432677587, -60.20366881900357, 14.24986321124982, -40.9326852360168, 38.97248314249201, -59.50703736697279, 27.0695429567552, 45.52224635803366, 46.17435821023616, -68.52759336838595, -23.06178269245358, 106.7351741914335, -57.12573459755286, -100.0164981740269, -18.82141971588643, -18.14182089578173, -37.70693762365241, -37.69324575183636, -0.5221505343404339, -6.312479455106535, -1.044728761495515, 24.00039641664652, 13.5747460415006, -38.48117578704903, 32.0106478036497, 1.336861857986135],
		[65.32349549419216, 121.9098028668852, 62.14528497498442, 124.5863111539427, 126.547303576944, 248.0140688998472, 132.6810130280092, 246.6009795586849, 121.7534629543956, 248.7357611488201, 243.3421666479418, 488.0825813850009, 82.426145112984, 153.6270076260294, 80.35817781148731, 149.6048263428798, 147.1692402225785, 276.5887361270355, 146.8570646277112, 252.5181065536019, 129.3533704170277, 242.9629508418415, 218.1165983060718, 422.0860623636847, 25.32197574695197, 15.8492624593922, 15.99907361690058, 56.10946585378375, 58.88561330701839, 46.10681016633534, 49.00792242689848, 24.44284284998959, 34.81388558271942, 96.09921653835025, 62.30265245270429, 82.14528547048903, -12.2634720914156, -11.32314217389957, -16.51842828336305, -16.65318875116374, -3.776058450009429, -17.76348557991979, 4.834776609846724, -14.39390025823486, 5.212551906141696, -19.03679398203047, 25.40588245227452, -7.998814434412541, 17.12577911441428, -3.169892127377741, 40.79769771379983, -0.03330606704247077, 20.40770386442094, 42.19877368780794, 40.28958948330207, 4.478244311892026, 2.963562534972175, 98.79621745979691, 1.239324191829838, 20.72952452622787, -13.39965988548786, -22.86029529675677, -22.46513125385329, -45.02009919438473, -12.907324817354, -15.98387020226293, -21.34761867385925, -28.18048039712308, -22.76046697871354, -30.01003079638343, -38.05731042892023, -56.63730389704135],
		[115.8227863454155, 243.1698096750177, 116.3069966964313, 240.7271583565221, 255.2435417025612, 527.8296361495514, 246.6009795586849, 509.5533883987665, 238.9261283581909, 509.6080002755403, 511.2810610152939, 1088.545510027408, 148.5123665727276, 323.6889700593841, 152.8963973681726, 304.8525340952093, 323.5308804464609, 648.0993366250647, 236.2081621521947, 498.084254890632, 222.739393434346, 458.5807102273841, 442.377296774877, 955.4507494236673, 23.96602477048325, 31.79981773818546, 36.60784164880116, 61.90210957500261, 152.3283775733632, 118.8824402038269, 65.15905921534711, 57.64837644497231, 79.61838194693512, 135.9167929069116, 205.3783605480758, 208.0261796446985, -11.95872132263036, 15.40797473324475, 13.15276214222557, 89.19658238287057, 9.836058255549156, -16.40121598461015, 72.56465518602892, 33.16022796029235, 60.72114181767162, 38.11400136974675, 212.8525792489184, 183.4820099515941, 19.39460017858541, -39.56283889280554, 44.31825082845091, -83.35724174582376, 24.95361675344271, 48.95311333032014, 39.93857810828962, -79.05796958458028, -33.53629227780412, 105.5132944591999, -96.49392720358226, -180.7430316280563, -7.50338384871367, -7.706935528338767, -1.872799834751836, 6.116208823848458, -1.396852208938011, 13.43435597424478, 14.02092130628705, 34.31201944375396, -4.316422176800609, 55.67361321081288, 26.06043719527426, 136.6772486836884],
		[61.98161670335431, 123.3840501328096, 64.62709902486476, 123.4822225891896, 134.8494621142709, 256.0765338659136, 121.7534629543956, 238.9261283581909, 124.0426264108812, 240.3236921592024, 253.7889024632578, 489.8784490001154, 83.00821320943282, 169.4013790653774, 91.82381584120162, 163.9430620215323, 184.6799111058466, 332.0808756657069, 141.4390787873195, 271.8469383977719, 142.4348450263716, 257.6450904414207, 273.8804549292005, 507.5213947556518, 17.63897216982963, 12.61711258997146, 18.53966652544021, 35.50959262822261, 39.49882338137621, 46.32094446900786, 46.60754648261661, 43.37378412071755, 50.76103265851277, 79.54752745923521, 76.46770961681936, 103.4892297437023, -13.69335654588018, -13.32364130226806, -15.993283842309, -14.09082346101282, -3.936350907759477, -20.02135891478273, 7.145910268309106, -18.75246260878878, 5.644214202801463, -16.04262161599371, 32.3158566299988, -0.5764128920038734, 11.83806695545472, -14.12385216901771, 28.27494748655359, -19.38281553897224, 16.19327220505967, 31.21801619907719, 28.66440868232587, -12.37885822424165, -3.347100574650271, 68.00440177434845, -11.99644198629202, -16.17104438807366, -13.27951674015253, -22.59801773741994, -26.96738055716285, -49.75206202047265, -7.699033890956781, -12.34028772042612, -16.15855655338807, -20.96663063913356, -13.10971612888022, -37.48332014269059, -27.18635353448563, -66.58020588310841],
		[115.5529523256632, 240.3363583643476, 116.9032240052398, 246.9662139578475, 254.5266459766859, 532.8377411800949, 248.7357611488201, 509.6080002755403, 240.3236921592024, 523.2308521315738, 511.2064400239465, 1104.08924092336, 148.4649952042936, 316.4057328813828, 154.8522811607169, 314.2410405955968, 324.8189857935888, 653.4104692085007, 240.9193452159458, 490.4388713193558, 231.2030140750725, 481.383524209931, 457.6754127696161, 974.9376315871483, 22.63375818659555, 29.20005443650824, 32.89437250963686, 60.73201213781385, 140.5199780205468, 110.3547033936278, 69.96788662054254, 64.71054004394719, 78.72618972313094, 148.1677507162076, 210.6296447723387, 206.6223686374079, -13.5026440297884, 12.23604782027188, 13.21857836514434, 92.82333406184934, 7.357044456737889, -23.31104317534185, 70.50348033147114, 20.42940934910685, 55.47572284300232, 34.06020089738617, 213.6795802463524, 191.9447114974931, 18.57805209873101, -40.11838939025254, 49.32690597321335, -71.65861981101776, 21.28240908419179, 49.07167254642072, 40.62569756205669, -83.01574119726449, -43.80549990686954, 122.1590448006208, -103.9364048916698, -155.9214742318645, -6.236614677188207, -4.755123591502073, -2.762867134595432, 6.44897714905345, 0.6631136138985591, 14.36514675361365, 17.22163646653131, 41.49525488148334, 2.335259305928093, 52.95916783793873, 38.75439637363231, 141.0759736849851],
		[119.213118724089, 256.7974127187816, 128.3492087281658, 253.6756342682367, 291.361913635954, 575.1907976858181, 243.3421666479418, 511.2810610152939, 253.7889024632578, 511.2064400239465, 562.8502304470543, 1130.963028165479, 159.2319813525809, 355.6026629498584, 185.5640301455921, 345.6944581989014, 416.7757551991503, 772.3635770442337, 250.8636786782453, 541.5376115825403, 274.818240143355, 520.0094906626701, 605.8182316463374, 1164.329546559962, 15.25765429070239, 17.43690406712529, 38.38835639920557, 33.92898799926402, 75.35411607846068, 105.3136576288176, 75.85832827727616, 115.6054938727251, 124.610213012581, 131.8277633072594, 240.2885277466556, 268.2158542756369, -25.57749580247248, -20.94459999505739, -19.7938613361262, 7.248645540492274, -6.258273992165201, -45.68066119877625, 32.16866633373707, -40.96078761549462, 21.06956907035687, -20.76724484021273, 120.9395036303966, 56.09862419608641, 11.64311581333732, -57.78757724970083, 27.32589808178171, -105.9041665492866, 24.77546542703146, 37.96111807991823, 33.65503643043881, -89.92185046727937, -29.79009761431772, 70.4095124484942, -85.99966400929247, -188.0745453332519, -19.92147004007622, -21.81307646242274, -46.80188414756019, -56.75592530216262, -3.100985802264126, -8.506331374711625, -10.67360101802992, 16.57352201645572, 7.12262817498726, -56.64651422423771, 9.513550855400196, -37.4064628916767],
		[217.080216337447, 500.9848732615128, 225.9437697233737, 493.1101958504767, 540.3262797946904, 1195.562807767188, 488.0825813850009, 1088.545510027408, 489.8784490001154, 1104.08924092336, 1130.963028165479, 2566.405105427754, 272.1362445558246, 656.0439340651733, 293.0977062118335, 633.9532848871434, 706.8881283083736, 1501.82044390182, 378.1492944927114, 941.6140885875295, 398.5624205814583, 913.7853079369346, 964.4050130064895, 2239.625977068606, -9.497051152393102, 35.58433051208657, 68.6695716646939, 9.467365913435009, 258.9370154228502, 247.0785530731808, 70.56277701465949, 165.6802712438523, 193.5645746709807, 177.2539083797452, 591.164344281401, 530.4412510754319, -12.03614490328279, 64.78620676729159, 78.36119285215389, 331.3138162806262, 35.49964924248329, -35.88181459882002, 217.485228840385, 85.74521010671685, 172.9405045088706, 137.1566413461391, 647.1030320597997, 626.8792894557463, 9.856026820080118, -147.222056780499, 26.74921016973076, -309.9408966639112, 25.24683416676749, 35.55365607666536, 24.49560231665601, -332.8195310568573, -149.9448073227983, 78.10456289246306, -378.504316526702, -716.4932733536648, 22.84092571921154, 81.51398804335919, 54.8311822018088, 187.1051924308655, 45.56836130341295, 102.8503883041721, 115.9920094965922, 280.5408023748452, 102.0225989337737, 226.5460195330916, 257.8374215311075, 631.3744170425899],
		[41.37119064032475, 75.95003744297757, 43.50389031276521, 78.06991288922097, 84.99242804032743, 146.890630018264, 82.426145112984, 148.5123665727276, 83.00821320943282, 148.4649952042936, 159.2319813525809, 272.1362445558246, 827.9523358226901, 1413.030299762419, 497.6496553486431, 1203.161075768901, 976.2865258715584, 2188.088448559306, 1974.115140085859, 3332.713925184976, 992.7524486788009, 2708.220426172932, 1959.576297026622, 4958.251908133545, 32.65376190553852, 191.8037034235199, 174.4192768413073, -44.84690259773878, 185.1441692128059, 298.0846841876383, 158.7724923254306, 426.7755709400076, 319.2829381514037, 152.137114548028, 606.6066870723917, 600.3382706230381, -26.76819781086582, -27.18727374613705, -29.51805622844683, 0.2845277069485115, -22.04341231571217, -80.71395505669423, -12.07376201219709, -104.5133515592246, -14.81863315909015, -103.7728218227771, 33.2130607400654, -93.70735580972813, -3.637628605252194, -46.86170111284139, -22.52900629634917, -105.7920689509086, 7.901672999951532, 0.5365093165952112, -17.0916257064165, -38.991357022449, -4.194625852901813, -46.0361203241115, -50.04529507772094, -131.4128236740799, -75.93912356790447, -179.0560158561025, -138.210630063987, -342.7842419472067, -102.8365709621858, -161.7598739806199, -169.5749842306435, -355.30534446965, -217.5406073893051, -329.8134546611644, -357.1277143005698, -701.9894593742779],
		[73.29801077793428, 162.0422293511325, 84.91473749575306, 154.040171435876, 186.974580436738, 337.0703830586775, 153.6270076260294, 323.6889700593841, 169.4013790653774, 316.4057328813828, 355.6026629498584, 656.0439340651733, 1413.030299762419, 2844.571720382749, 936.6526480723921, 2231.852289680071, 2122.856908256636, 4751.003522417835, 3183.114591200061, 6331.426785918645, 1790.660530600549, 4739.456858039092, 4138.703801680176, 10236.36980255971, 79.52278035132534, 403.3779474439037, 337.0722097778242, 58.54059684890044, 718.704459506072, 668.1929736948033, 241.1506936168983, 824.9097436405774, 640.4872555392806, 338.9518983879526, 1533.475680162115, 1304.110204877319, -46.87630229385805, -22.59508721332792, -18.26287909211041, 128.1606068982064, -28.34709606975995, -141.668564796773, 44.53427423808482, -146.6921894703565, 17.92581074651407, -133.5934806948274, 248.4620297681959, -9.154789283222362, -34.58300044459103, -145.5951539819144, -114.373198719577, -352.5808132351071, -20.79734774811059, -85.81822391120468, -126.7708558860658, -260.7615433615751, -77.58427808520405, -321.8502153773527, -283.22557812433, -761.3920616668524, -95.20233209733328, -251.7891461711918, -185.2729437038823, -484.5758756833635, -104.4385283414005, -157.8081031453613, -145.4332696700277, -395.9950913224025, -253.7101674061036, -297.2418151533421, -339.2379809200326, -643.1124938518409],
		[43.28045874155202, 84.66970692605298, 51.19128675017198, 89.82475272205565, 106.0486074855242, 173.1510640568299, 80.35817781148731, 152.8963973681726, 91.82381584120162, 154.8522811607169, 185.5640301455921, 293.0977062118335, 497.6496553486431, 936.6526480723921, 540.7317103337982, 983.4156125341359, 1067.198494184948, 1932.357746511973, 924.508187850828, 1872.289702823049, 908.2975001914311, 1809.967955299536, 1904.929127430511, 3822.642647191491, 125.1468147052874, 258.3501494404006, 159.1064435145691, 231.2895437850501, 469.3215708931967, 336.9647485396952, 319.9066458008879, 612.6223671443167, 370.8662656035314, 514.3001020945311, 1030.879493158663, 717.7073529461823, -37.2688679340662, -48.90535128629675, -50.02240791826515, -30.25935721818991, -33.69037917963202, -111.8569275686873, -36.80574036550767, -167.4022228318306, -38.25436086458097, -159.0113914954369, -0.9471959340235756, -167.8015955572223, -10.10504841129377, -65.37999021030345, -34.07474760343954, -124.9939662370797, 1.354514498167809, -10.43029992912167, -21.63770303476252, -67.12134987819255, -19.66434701711765, -59.66416316134288, -60.15172583326772, -149.4258078121096, -103.0611820911839, -191.8594149698401, -205.4829408014174, -379.7830737516601, -97.45037548323859, -176.1684690835857, -171.3570115069705, -287.5629393509853, -149.4672186119837, -372.8686140185181, -253.558261015278, -602.3141960491042],
		[69.91873050952115, 148.0275359496604, 84.37316171236559, 159.8656475826195, 183.0292207630218, 327.8228774242182, 149.6048263428798, 304.8525340952093, 163.9430620215323, 314.2410405955968, 345.6944581989014, 633.9532848871434, 1203.161075768901, 2231.852289680071, 983.4156125341359, 2268.976431714713, 2030.449841840929, 4442.335061711055, 2645.039062123061, 4941.847793001373, 1859.208764030795, 4685.185885397213, 3958.011308061218, 9468.530653225136, 180.5403942398976, 506.172943725122, 365.107750246113, 279.3174870597221, 884.2622091903394, 746.5480058781122, 576.3070440693845, 1289.915599762898, 801.2527868315196, 960.3161470150308, 2377.375581880266, 1626.563284369932, -60.13964140241504, -36.80024602380024, -30.10559652422119, 171.6594321990871, -46.83854881209264, -206.3068207437692, 17.15196326300531, -232.446745360948, -1.556370014728589, -207.2325145655209, 278.4108454677059, 95.82141317225188, -41.26668318801822, -156.6269959831587, -119.9681344074277, -319.0758945703633, -25.96698012624111, -63.39055089929692, -118.4490337746473, -195.9474244700224, -95.69460448185797, -237.8519265328348, -266.2823885996306, -445.3672638333509, -150.397932911081, -316.7500001750002, -287.4762841176047, -598.0175145180973, -146.5196557098861, -291.9637034655866, -248.675329357062, -557.4416484671453, -277.8234212807002, -610.0560741805107, -444.4658692486635, -1129.598190927579],
		[75.18338701931903, 176.3396780739651, 98.33697927324087, 175.2807784713908, 234.4374449477945, 399.7815797480318, 147.1692402225785, 323.5308804464609, 184.6799111058466, 324.8189857935888, 416.7757551991503, 706.8881283083736, 976.2865258715584, 2122.856908256636, 1067.198494184948, 2030.449841840929, 2467.169113444215, 4612.272752935422, 1874.136435338956, 4316.43436757495, 1847.975416408294, 3816.255502574409, 4497.597545370936, 9187.709635342213, 174.1975081920648, 486.6475445072581, 324.2431978875561, 322.4423779558147, 927.3737996042382, 681.6893974359465, 521.5920722701524, 1273.516845874776, 804.8115014128575, 837.3592200914911, 2193.864315957311, 1547.474603910294, -63.17468494495814, -57.3809151815681, -49.88013189321287, 103.3855936904392, -50.99243430644488, -198.078641847417, -2.996078242828322, -253.5833513119546, -23.80928074213685, -219.5978058963871, 212.3902839316991, -30.88935979695016, -56.79091112416091, -189.7902231379481, -154.5402967772147, -387.8624149720074, -38.91424496142269, -120.2094157798513, -150.7084897482002, -321.5623400488747, -117.066283786732, -375.7544470988443, -313.9970641434567, -762.2858998066506, -163.8845879249082, -320.4378073151919, -350.5507062846418, -639.6016449963012, -120.5293435123729, -251.9089315110402, -198.613156834774, -400.8802843290499, -180.4505497267259, -550.5313895895301, -237.0462050318199, -788.0657263832377],
		[124.1023935790976, 314.4139615062095, 162.5685084070093, 308.8315253470713, 401.273694994483, 753.048803427439, 276.5887361270355, 648.0993366250647, 332.0808756657069, 653.4104692085007, 772.3635770442337, 1501.82044390182, 2188.088448559306, 4751.003522417835, 1932.357746511973, 4442.335061711055, 4612.272752935422, 10160.76808952488, 4674.502696617508, 10284.62887115788, 3650.758914738741, 9047.315391421878, 8999.340481382031, 21329.75408011783, 265.0797307573315, 959.8967584507189, 668.1149627309989, 505.8234468931499, 2014.222775778475, 1466.064908581759, 896.6644631318999, 2508.72728494138, 1575.101075067079, 1681.189024125892, 5096.075942977176, 3328.249627043801, -110.6658904299944, -46.88426712165328, -23.96127325359915, 447.9488166405426, -69.34587714402529, -366.3010747970221, 117.5833540223551, -393.2751514914962, 53.37818848175318, -324.2265903185619, 759.7024832136498, 303.9199199195127, -144.2952101119305, -417.5592356346704, -397.387031098177, -923.2904212145118, -126.5956534618133, -327.4363607046721, -436.7786389125445, -779.6963060446577, -327.4201077605139, -1005.03724691722, -894.7496582580994, -1940.467441970541, -214.4757065404563, -478.0044181291054, -436.5523130454292, -899.0474240861456, -146.3321619579294, -337.4569567928708, -194.6207992151145, -654.1485176933363, -295.9957656831876, -693.3186727392577, -297.7460266023597, -1130.106175242719],
		[74.29509715744219, 125.8551074363063, 75.61560628274073, 135.6101117764009, 138.7331662827916, 227.5622200493991, 146.8570646277112, 236.2081621521947, 141.4390787873195, 240.9193452159458, 250.8636786782453, 378.1492944927114, 1974.115140085859, 3183.114591200061, 924.508187850828, 2645.039062123061, 1874.136435338956, 4674.502696617508, 5684.303566738458, 8966.687849068949, 2416.085863164745, 7344.680699620891, 4592.906233112828, 12697.00784620359, -48.51035018517407, 350.1720560091048, 385.7956518619131, -568.3322237663328, -233.6195780706275, 394.7126479452602, 155.3459286592972, 796.885010937045, 649.3002766058519, -311.0394340985388, 487.0447458364364, 929.1479355745488, -68.76793614171748, -92.80586612441353, -99.31363932549773, -68.06041487413377, -59.16265534451032, -190.6040637822291, -69.29890401469551, -291.0264339823053, -74.15335275910182, -289.9472016716534, -28.88744449356411, -375.1275060043577, 12.63315965728827, -19.59289041615423, 1.274479249946192, -64.21300278104556, 31.78713456784892, 43.35880693253851, 12.51850895578898, 68.34110924059942, 59.56692167079397, 6.321106766938788, 61.39530509054661, 53.21139878452367, -144.6143550819263, -381.9706265356128, -247.5846677820068, -700.5195281155999, -225.763877682245, -372.678303403759, -382.8366346705262, -882.4006875076624, -540.5080209648823, -775.4859847081723, -856.2678024427287, -1721.557145289457],
		[120.7239038806115, 251.7057433296949, 135.4531899375504, 247.1168636150213, 282.9706968617086, 500.4355867415075, 252.5181065536019, 498.084254890632, 271.8469383977719, 490.4388713193558, 541.5376115825403, 941.6140885875295, 3332.713925184976, 6331.426785918645, 1872.289702823049, 4941.847793001373, 4316.43436757495, 10284.62887115788, 8966.687849068949, 16613.84587839391, 4422.709767973735, 12679.40439214001, 9912.197401937783, 26112.37401388455, 40.88672407153075, 816.5429036071267, 742.7567389425417, -470.2723446006382, 692.2295854506845, 1114.197578270803, 317.1297982886072, 1646.634618031101, 1320.22657934088, -217.8192961989853, 1999.249341106514, 2232.142925157882, -96.34003020804522, -37.21712155847452, -29.94170407978638, 385.2455469044845, -57.80771422716582, -314.7725247847641, 92.32172466820357, -358.7588763663543, 36.30268442451074, -323.6155342167083, 592.6392282026433, -6.840857634205459, -36.76650887159784, -168.4241271180899, -177.9263746532615, -483.5980256975872, -19.81976059304227, -116.4506075018153, -200.9707476231933, -295.3629088334651, -57.1766950817426, -551.6465866140732, -338.0426094305038, -1052.269387820583, -196.3173805628276, -545.6743699135632, -349.1955844699236, -994.2149130412841, -260.8487501242276, -396.7555518525502, -378.672878006054, -993.4906739579881, -667.1998916720094, -787.250196533033, -874.3969865685825, -1684.391676358308],
		[71.58843862572337, 128.9130651633935, 79.99835820795413, 143.2092505969692, 158.3091264747574, 254.2508262171101, 129.3533704170277, 222.739393434346, 142.4348450263716, 231.2030140750725, 274.818240143355, 398.5624205814583, 992.7524486788009, 1790.660530600549, 908.2975001914311, 1859.208764030795, 1847.975416408294, 3650.758914738741, 2416.085863164745, 4422.709767973735, 1920.485028931511, 4268.460064235582, 3992.927603140424, 8614.303830004295, 208.7238464917526, 484.0705413674218, 299.0233780580692, 254.1012556132531, 592.2168127487923, 485.179468302061, 581.8297834070579, 1207.74756822107, 689.3560252780778, 810.4680735221156, 1773.466807430179, 1194.862338066187, -89.29743663543688, -148.3688750133108, -155.4673849389642, -196.577560210913, -89.03629118693293, -256.3979301014346, -148.3173268115272, -439.7091380168479, -142.2817171706198, -429.0538187084251, -176.0818141184392, -587.7884250741964, -11.03125791341712, -71.11106083015729, -52.77798918097937, -137.2947024087605, 1.569399182539506, -9.886194628710044, -44.30849442153096, -38.64580343889667, -9.479086314397072, -100.7072261177896, -56.2745145346844, -82.86819827603061, -181.4370374702057, -362.7799506733476, -364.9192184325138, -730.5388837583049, -180.7353817801364, -351.2484832096543, -341.5448254341403, -631.2656426932633, -317.4251636486957, -779.9768721555458, -570.5155539829894, -1398.740881934856],
		[113.8504948059146, 225.0145910932723, 130.3115146911693, 248.2704594624237, 272.0357778307594, 482.369413773436, 242.9629508418415, 458.5807102273841, 257.6450904414207, 481.383524209931, 520.0094906626701, 913.7853079369346, 2708.220426172932, 4739.456858039092, 1809.967955299536, 4685.185885397213, 3816.255502574409, 9047.315391421878, 7344.680699620891, 12679.40439214001, 4268.460064235582, 11846.60716970055, 8836.080730896942, 22861.00417486474, 224.7392633158755, 972.8318552664826, 748.8186388066277, -9.064360181348393, 1013.342083385043, 1189.48330652067, 929.2389896684848, 2510.537216874948, 1570.50888715354, 1162.831310208838, 3908.534265950303, 2854.817008291277, -115.267430356275, -71.69819465640079, -68.60368147908616, 394.8812995781713, -90.86954276175825, -414.1108159133673, 16.33544473236542, -497.6812955380325, -10.01541051210662, -463.6479022188037, 579.0255132185233, 174.3770710605779, -54.47119308833216, -188.6425358858179, -190.6067154183547, -414.946299611023, -36.86233860737475, -85.68225474828013, -201.6075550030379, -188.7708457550441, -109.8119543359767, -396.4447033591802, -363.1134565219187, -471.3900852876413, -268.4832797794149, -606.6310679636978, -493.6383514432497, -1113.933634220779, -297.8240462647409, -595.9495326469242, -514.9960384256651, -1216.331965900921, -644.0095299012644, -1286.112648592457, -993.1256396498825, -2496.256614532397],
		[120.1911962017575, 257.5521042986595, 148.0481901795806, 272.0745829161389, 339.561770743739, 579.9039914978592, 218.1165983060718, 442.377296774877, 273.8804549292005, 457.6754127696161, 605.8182316463374, 964.4050130064895, 1959.576297026622, 4138.703801680176, 1904.929127430511, 3958.011308061218, 4497.597545370936, 8999.340481382031, 4592.906233112828, 9912.197401937783, 3992.927603140424, 8836.080730896942, 9751.97670927002, 20908.73505964787, 306.5538724823745, 887.9821781437574, 586.1432034123529, 347.9184166660681, 1166.003153607106, 1021.35210567466, 1028.678573465214, 2577.635495533016, 1516.719331642576, 1382.165783321048, 3893.237994479762, 2681.386644031854, -166.4618605211522, -226.1670783254901, -227.0843110583916, -36.62600615181768, -163.8922826894855, -529.1747844850956, -194.0039941724208, -823.1544218252654, -201.5948545079228, -765.4383506235606, 79.09927300347442, -549.2035475391219, -98.8415125475932, -255.5884639140811, -304.2974482973128, -524.8435603426256, -79.22912997353853, -215.9441688219897, -315.3906908698503, -396.9158960878305, -174.9327252042558, -725.2692377383602, -495.016572123218, -880.6848885790557, -306.9873881844937, -611.8941745470811, -667.5008719723734, -1281.86005792122, -240.8876488758737, -548.9604081210447, -455.942421709784, -911.6965979821791, -396.0966045153132, -1335.476699264023, -664.2174431991125, -2220.32785395501],
		[191.6976142625874, 465.9262608033128, 239.6055333545557, 464.8048839899294, 580.6701942702589, 1112.662812082143, 422.0860623636847, 955.4507494236673, 507.5213947556518, 974.9376315871483, 1164.329546559962, 2239.625977068606, 4958.251908133545, 10236.36980255971, 3822.642647191491, 9468.530653225136, 9187.709635342213, 21329.75408011783, 12697.00784620359, 26112.37401388455, 8614.303830004295, 22861.00417486474, 20908.73505964787, 52344.80239985621, 404.8401311469304, 1874.025819306008, 1385.068820437156, 266.523392785784, 2741.970628498837, 2530.105847458198, 1629.85526387971, 5101.16897267062, 3194.678204529798, 2221.341615805308, 8776.637126759124, 6117.701829172269, -213.229471808082, -34.34270703132582, -9.520255777480703, 1331.566095232334, -141.601754100293, -846.2116047296068, 235.9316690845716, -948.0384564119513, 139.5432464925903, -815.1431328347651, 1888.018133911382, 1047.947106018429, -246.3712050366445, -602.6067806335579, -779.5518072179194, -1429.419502003183, -230.2869627844979, -578.8772368820127, -857.8041777814067, -1088.218423917883, -517.0753394052357, -1942.591346376859, -1513.550788543976, -2770.115618387646, -412.4816701680815, -909.739113357458, -826.2345548195258, -1724.225514185591, -346.3284795689261, -781.0292077691254, -541.6718925464922, -1458.831097638753, -741.023294279601, -1844.623916820726, -906.5929044013349, -3171.836806081891],
