{
	"Steps" : 1024,
	"EX" : -0.2472111263578038,
	"EX2" : 4.517212955055951,
	"EC" : [0.04267148268153338,
		0.03783969700319444,
		0.02619683409794874,
		0.01816832408344237,
		0.1102308117982612,
		0.04083765351875813
	],
	"EXC" : [-4.202251890584251,
		-1.568778341400302,
		-3.626824804978317,
		-1.171854985875313,
		-6.989004491188944,
		-1.151093308283348
	],
	"COVXC" : [-4.191703025287191,
		-1.559423947283104,
		-3.620348656113955,
		-1.167363574014611,
		-6.961754208044961,
		-1.140997785959166
	],
	"alpha" : [-0.834352943016421,
		-0.05293053490549907,
		-0.8300403656359323,
		0.07264022138104773,
		0.3111380857118098,
		0.2175249475286407
	],
	"ECC" : [
		[5.240275554943622, 1.77588549193066, 4.073709106898281, 1.025680761562608, 10.30051096642028, 1.727881078195803],
		[1.77588549193066, 1.714552480225236, 0.9741556576129853, 0.939212394321413, 1.484430073809903, 1.337698400421808],
		[4.073709106898281, 0.9741556576129853, 4.484522173164285, 1.279061362298773, 9.999930842134425, 1.598896405089772],
		[1.025680761562608, 0.939212394321413, 1.279061362298773, 1.221595460156984, 1.42316782673181, 1.232011689437718],
		[10.30051096642028, 1.484430073809903, 9.999930842134425, 1.42316782673181, 29.31532965693003, 3.61013124908229],
		[1.727881078195803, 1.337698400421808, 1.598896405089772, 1.232011689437718, 3.61013124908229, 2.230866605238215]],
	"COVCC" : [
		[5.238454699509382, 1.774270815955314, 4.07259124914576, 1.024905492236129, 10.29580725424366, 1.726138474970923],
		[1.774270815955314, 1.713120637555943, 0.973164377348276, 0.9385249104430398, 1.480258973291041, 1.336153115986337],
		[4.07259124914576, 0.973164377348276, 4.48383589904753, 1.278585409726921, 9.997043143845264, 1.597826587855592],
		[1.024905492236129, 0.9385249104430398, 1.278585409726921, 1.221265372156983, 1.421165117619079, 1.231269737713782],
		[10.29580725424366, 1.480258973291041, 9.997043143845264, 1.421165117619079, 29.30317882506033, 3.605629681382981],
		[1.726138474970923, 1.336153115986337, 1.597826587855592, 1.231269737713782, 3.605629681382981, 2.229198891293297]]
}