{
	"Steps" : 1024,
	"EX" : -0.2164502655603734,
	"EX2" : 2.245970211432138,
	"EC" : [0.0357394072226474,
		0.05890466438838156,
		0.03395080398428702,
		0.03593181103841811,
		0.09390323277117253,
		0.08350125617061153
	],
	"EXC" : [-2.039783603969862,
		-0.5687197706782486,
		-2.214845484100441,
		-0.6762227991673992,
		-4.168555602130359,
		-0.5497681698539133
	],
	"COVXC" : [-2.03204779978555,
		-0.5559698404286387,
		-2.207496823562054,
		-0.6684453491260685,
		-4.148230222460062,
		-0.5316943007811596
	],
	"alpha" : [-0.8827958505186008,
		-0.01038902916491981,
		-0.8176326379238239,
		0.1684853965154861,
		0.3293660055587911,
		0.2010860136464912
	],
	"ECC" : [
		[2.510371190749918, 0.6797902448830884, 2.361406973254234, 0.5744007552844816, 5.679813971490501, 0.766774984428937],
		[0.6797902448830884, 0.6876750927840131, 0.5657825588815253, 0.5722710071649534, 0.7740922083653677, 0.8063792773211061],
		[2.361406973254234, 0.5657825588815253, 3.012124905752485, 0.9698957468993555, 6.09225476687154, 0.8734042945688625],
		[0.5744007552844816, 0.5722710071649534, 0.9698957468993555, 0.9682942909679223, 0.8774716461462804, 0.9211148375337609],
		[5.679813971490501, 0.7740922083653677, 6.09225476687154, 0.8774716461462804, 16.5292613541194, 1.305705362264517],
		[0.766774984428937, 0.8063792773211061, 0.8734042945688625, 0.9211148375337609, 1.305705362264517, 1.402136662037842]],
	"COVCC" : [
		[2.509093885521292, 0.6776850270951986, 2.360193591645103, 0.5731165736575324, 5.676457925614969, 0.7637906990310529],
		[0.6776850270951986, 0.6842053332973052, 0.5637826981671151, 0.5701544558948686, 0.7685608699539977, 0.801460663850368],
		[2.360193591645103, 0.5637826981671151, 3.010972248661306, 0.9686758330259898, 6.089066676622235, 0.8705693597881723],
		[0.5731165736575324, 0.5701544558948686, 0.9686758330259898, 0.9670031959234218, 0.87409753293045, 0.9181144861755679],
		[5.676457925614969, 0.7685608699539977, 6.089066676622235, 0.87409753293045, 16.52044353699452, 1.297864324369643],
		[0.7637906990310529, 0.801460663850368, 0.8705693597881723, 0.9181144861755679, 1.297864324369643, 1.395164202255772]]
}