{
	"Steps" : 1024,
	"EX" : -0.1702004864425228,
	"EX2" : 4.332012596012984,
	"EC" : [-0.05336023395930743,
		-0.06873333952224646,
		-0.05208457863139711,
		-0.03588788493919704,
		-0.07978872839503331,
		-0.07983551399862585
	],
	"EXC" : [-4.482533711580486,
		-2.252261844635601,
		-4.119223506638101,
		-1.579179042312982,
		-7.152793382963142,
		-2.063401240212741
	],
	"COVXC" : [-4.491615649357047,
		-2.263960292457107,
		-4.128088327257319,
		-1.585287177787027,
		-7.166373463348607,
		-2.076989283530696
	],
	"alpha" : [-0.9169946684365462,
		0.2975356287553463,
		-0.8942770307399797,
		0.2972496349464324,
		0.3821166435727851,
		-0.06199767065514879
	],
	"ECC" : [
		[5.978212409495685, 3.283561810314393, 4.641493140997897, 1.846160932315542, 9.960502530590741, 3.108830793965399],
		[3.283561810314393, 2.877951586076458, 2.286660995566894, 1.684885417031284, 4.186507943563258, 2.702887079420963],
		[4.641493140997897, 2.286660995566894, 5.103535600254633, 2.111785747354503, 9.299087656877854, 2.763645845575158],
		[1.846160932315542, 1.684885417031284, 2.111785747354503, 1.855209116069102, 2.822814596257137, 2.204250256354763],
		[9.960502530590741, 4.186507943563258, 9.299087656877854, 2.822814596257137, 22.30088730359711, 5.258927807135348],
		[3.108830793965399, 2.702887079420963, 2.763645845575158, 2.204250256354763, 5.258927807135348, 3.657982728399443]],
	"COVCC" : [
		[5.975365094927493, 3.279894183236681, 4.638713895696453, 1.844245946378882, 9.956244985376266, 3.104570752260171],
		[3.279894183236681, 2.873227314114578, 2.283081048539949, 1.682418722851023, 4.181023797804434, 2.697399717931362],
		[4.638713895696453, 2.283081048539949, 5.100822796923423, 2.109916541989473, 9.294931894579863, 2.759487646468719],
		[1.844245946378882, 1.682418722851023, 2.109916541989473, 1.853921175783693, 2.819951147553051, 2.201385128614319],
		[9.956244985376266, 4.181023797804434, 9.294931894579863, 2.819951147553051, 22.29452106241822, 5.252557832992633],
		[3.104570752260171, 2.697399717931362, 2.759487646468719, 2.201385128614319, 5.252557832992633, 3.651609019104018]]
}