{
	"Steps" : 1024,
	"EX" : 0.08038131656209496,
	"EX2" : 33.53695805929689,
	"EC" : [0.1507410746626946,
		0.2043643968238829,
		0.233312252872884,
		0.4231563439751806,
		0.538697892035333,
		0.5459807383502037,
		-0.2102336816639463,
		-0.1657767207773582,
		-0.1214107216104632,
		-0.4859137084859972,
		-0.426715935636018,
		-0.4389500490786896,
		0.2813447652724383,
		0.178714450047208,
		0.007607582199121939,
		-0.2754509385795703,
		-1.044627453074351,
		-0.2767097638564623,
		0.001981355484727866,
		-0.1391668233144749,
		-0.1437889999995443,
		0.01124588102586972,
		-0.3489744254970678,
		-0.2901916935904887,
		-0.08720617021725922,
		-0.04529329621741222,
		-0.08904158896400398,
		-0.2293322076406531,
		-0.5172215824329687,
		-0.2520135529962341,
		-0.01991264492846526,
		-0.01642566179224009,
		-0.0012044845775232,
		-0.03505807135341729,
		0.02134537032651904,
		-0.02132288450919189
	],
	"EXC" : [13.92232697064634,
		15.0488016323078,
		22.88224786265726,
		15.59528278277622,
		32.20924583422661,
		18.49962037467819,
		-19.98580752186108,
		-14.89933129360391,
		-15.5064137421581,
		-37.9470647802736,
		-34.79049046454248,
		-30.26492075841308,
		59.42273039227351,
		49.3787811539782,
		69.5270412809071,
		88.08112570774173,
		99.6585479650835,
		59.32223417642891,
		0.9100044813189242,
		6.360208422574807,
		3.021649241251042,
		5.748407338078263,
		11.58467480129414,
		14.50067883767831,
		-3.148633058552254,
		-1.642958122328061,
		0.7632929220076138,
		-6.527278296400327,
		0.3276730404730818,
		-0.9628308740777746,
		0.04844230885296133,
		0.011989681807695,
		-0.2397174839566887,
		-0.1789831004101243,
		-0.9107756106715906,
		-0.4772296072873283
	],
	"COVXC" : [13.91021020460497,
		15.03237455303268,
		22.86349391660126,
		15.56126891873589,
		32.16594458843559,
		18.45573372411206,
		-19.96890866174324,
		-14.88600594253248,
		-15.4966545885103,
		-37.90800639664992,
		-34.75619047583803,
		-30.22963737556314,
		59.40011552963306,
		49.36441585119473,
		69.52642977343407,
		88.10326681683303,
		99.74251649507852,
		59.34447647155329,
		0.9098452173564843,
		6.371394835054589,
		3.033207190378152,
		5.747503379355503,
		11.61272582506209,
		14.52400482806449,
		-3.141623311777852,
		-1.639317387546669,
		0.7704502021573213,
		-6.50884427162008,
		0.3692479922233739,
		-0.942573692896446,
		0.05004291346854489,
		0.01330999812795896,
		-0.2396206659005686,
		-0.1761650864786088,
		-0.9124913796409417,
		-0.475515645757578
	],
	"alpha" : [0.8324590682873977,
		0.8631804354624169,
		-0.5419644442256706,
		-0.1783903650194635,
		0.1186706125271779,
		-0.1163109488588194,
		0.5679540489379052,
		1.04504124960552,
		-0.4037099786619744,
		0.04145852344263012,
		0.08571945073119457,
		-0.3734019233051789,
		0.4071894144214908,
		0.3735952688050286,
		-0.1678337319084514,
		0.03766256234842005,
		-0.02993995155073067,
		0.05352182024829705,
		0.2901488955554868,
		0.4439293155492849,
		-0.2131685374993597,
		0.04677156262328273,
		0.02782869383552433,
		-0.06713097158194198,
		0.3585091624155725,
		-0.1521170174883996,
		0.2224118448493743,
		0.04853943211390381,
		-0.1772912221447911,
		0.2483889131672226,
		-0.03405122389613538,
		1.284146140556355,
		-0.2300268381414396,
		0.1507169004898266,
		0.07009987416658471,
		-0.5319711968652644
	],
	"ECC" : [
		[20.23522215629424, 21.65398913694899, 38.58482492377504, 39.56333671597611, 80.01768087040165, 42.91530626190553, -10.00504199098491, -7.377978888021797, -7.85767928681965, -18.90831086332423, -15.81936485342542, -15.24077118867474, 15.97283378945767, 12.32296526443787, 12.78398867893604, 18.36667465366839, 13.71270094661449, 16.45794757139718, -3.197884914931333, -4.498143231119628, -8.053433957883806, -4.782437754945578, -15.33785145700257, -9.514133515513553, -0.3839263240633933, -1.294852004454349, -0.1672344156257355, -2.240047833969268, -4.933195023903865, -5.468898042891098, 0.56615693946548, 0.776887629249872, 1.417800792917037, 1.103554669104846, 2.803077423541904, 1.554330656281263],
		[21.65398913694899, 24.30663446634718, 41.5035428997992, 42.86058072456369, 86.74664479348471, 48.94417309122727, -11.25086744630076, -8.627731649901071, -9.722892727019245, -20.7367978772756, -17.86106200450109, -17.56575717086056, 17.62824502458519, 15.92782840226671, 15.41266016646114, 17.79379239922243, 12.62607295265201, 21.4833430150001, -3.646096900895947, -7.728471687699569, -10.28022492046724, -5.407803541552108, -19.81212654993261, -17.09347903229314, -0.5866443976772703, -2.547981347046449, -0.765808411096775, -3.021529460978779, -7.13480606339174, -9.50041166097369, 0.4179688850492459, 0.7306528583892316, 1.244708867919376, 0.8173128122002103, 2.52899496639523, 1.576702908756667],
		[38.58482492377504, 41.5035428997992, 88.6844051174464, 79.80900128113909, 188.092458885949, 88.52859794227905, -30.91805200784927, -18.33543527417736, -23.6609726693788, -61.42239246411974, -47.98411711675073, -41.99741040379398, 59.95675082958122, 31.02208861644274, 50.95844580843034, 92.92137639441569, 83.37232277794008, 56.20733876157131, -5.652117881384449, -10.89525005057535, -16.31383540477426, -7.627943553009133, -27.99066359978955, -21.71068105961848, -7.62259981204283, -9.504667357067625, -12.94211797611196, -16.34354528535904, -31.45522605388055, -25.40483297882889, 1.236266981637728, 1.738128950558761, 3.458621879634111, 2.247951982130099, 6.491268713715848, 3.605941794207165],
		[39.56333671597611, 42.86058072456369, 79.80900128113909, 106.5233981261114, 212.1255773369421, 112.2847471174778, 7.13906597315712, 6.271404843407182, 6.321963350600821, 12.15332222003009, 14.96528945462387, 11.4810237943372, -21.98297280685971, 4.595275230366933, -13.60639450227046, -40.5623855465189, -20.48650813203557, 29.01806349805059, -3.135548534447723, -16.54501251043227, -15.57850484329902, -8.781367882880485, -39.72686998808792, -39.54146243029369, 2.587269899207651, -6.314143871450001, -1.514597401069539, -2.35506052583394, -18.18867262985133, -25.37196622939879, 0.9870802911412782, 1.67267262286277, 3.288739383926171, 2.01311967947627, 6.703848929181803, 3.998687073613668],
		[80.01768087040165, 86.74664479348471, 188.092458885949, 212.1255773369421, 490.7567699602553, 227.8691395643199, -8.138192924009324, 1.568304717058803, -3.433167036088338, -20.85544697967373, -2.684225990280769, -3.521267852159098, 12.6151750480716, 29.8526333864235, 26.86578184188535, 15.97470020104775, 55.90919790347576, 93.53312693427837, -5.432267222873095, -29.05627914858719, -27.34301343384744, -11.03308607832194, -53.43819279735155, -62.07311842331865, -6.132602306595045, -21.72683771513218, -21.1136921506691, -24.20990258657206, -67.51934155644658, -66.58037800315796, 2.601886375872151, 3.99723505718468, 8.066343987328603, 4.707478228685967, 15.13655886360939, 8.855814387847204],
		[42.91530626190553, 48.94417309122727, 88.52859794227905, 112.2847471174778, 227.8691395643199, 125.3778678475828, -1.472180445756331, 0.08157992427129364, -2.092230925315746, -3.628036491760732, 1.723283202077098, -1.841873161468943, -6.193759810278507, 14.87957822238351, -0.3396997393856496, -23.9639047509969, -13.11719611669796, 43.34376208398767, -4.274772507105198, -24.39552876347684, -21.23216370312576, -9.861544296383007, -49.99110954324014, -57.46771525451486, 0.8708867657930829, -9.851730042577797, -4.849120434958797, -5.53708092717197, -26.12909131345454, -35.8020580957469, 0.5609689984138494, 1.481740351511286, 2.77771023357997, 1.227262344292565, 5.940798746641463, 3.965465537561445],
		[-10.00504199098491, -11.25086744630076, -30.91805200784927, 7.13906597315712, -8.138192924009324, -1.472180445756331, 78.43176276986533, 51.50672208312547, 68.98368895688084, 149.6931385145051, 137.6632094094691, 110.0941377042263, -157.3995186016201, -66.28400650418143, -129.1622591747585, -251.7965848570172, -203.627314837761, -88.55234597308971, 7.032577196705414, 5.009155289586935, 16.45585441896047, 5.126115805356954, 22.75021693048696, 7.719952818732974, 19.25752597239881, 12.47868179623434, 22.99846587462785, 29.59658836068166, 35.01145669330873, 20.12002153866988, -0.3455080987700442, -0.4045910238928923, -1.070203336334849, -0.3065841707911506, -1.359584312577471, -0.3597695618364073],
		[-7.377978888021797, -8.627731649901071, -18.33543527417736, 6.271404843407182, 1.568304717058803, 0.08157992427129364, 51.50672208312547, 39.24768705508078, 48.48856285548788, 96.22556639742135, 95.03682215181314, 80.61891425458334, -98.75780252327698, -45.56599541341057, -83.19213484195865, -142.391269921104, -107.831428001027, -47.56695974346211, 5.508641427642662, 1.361981769401218, 10.84198864960317, 3.083573465050293, 12.13877687013675, -0.2015365064265157, 9.824190242910738, 4.578972145560433, 8.556726453564238, 15.2551327130463, 13.67471206796311, 6.606389245819597, -0.1186447655449693, -0.01046108752167391, -0.1550373187038438, 0.1668110391453999, 0.1530371986664853, 0.4025663869563585],
		[-7.85767928681965, -9.722892727019245, -23.6609726693788, 6.321963350600821, -3.433167036088338, -2.092230925315746, 68.98368895688084, 48.48856285548788, 70.33610175455583, 132.0189328899608, 139.0492973292474, 101.7921026619115, -133.0364668767801, -64.37466152108635, -126.1408993425962, -224.2034447479389, -226.0533148344965, -101.7181418144253, 6.778347360349837, 8.647845830320474, 16.6449839085423, 4.373807402111612, 23.65092914487304, 16.29653112193619, 15.80895952972146, 12.44745381209983, 19.67829239012228, 26.26722753049439, 34.97026997236977, 24.37212469088882, -0.04510181939710149, -0.1533149386676433, -0.1192893476317705, 0.293550503313684, 0.3327247819573054, -0.03674752065300399],
		[-18.90831086332423, -20.7367978772756, -61.42239246411974, 12.15332222003009, -20.85544697967373, -3.628036491760732, 149.6931385145051, 96.22556639742135, 132.0189328899608, 294.7746315357214, 275.0471400604108, 212.0348867396957, -304.1814753220875, -122.639838163777, -256.0284434633513, -511.2299304616985, -444.5035953855216, -182.1143740162143, 10.7958466485039, 7.027207565634083, 25.50102367427747, 5.292232925090192, 33.20338368899919, 10.42898359984479, 35.4504023028819, 23.01276682646801, 44.17479800381069, 54.94407186227592, 68.65776100762881, 38.60070376623831, -0.653945744579866, -0.603117998067612, -1.485192240778019, -0.6244592996593692, -1.790034500474621, -0.6423475574946624],
		[-15.81936485342542, -17.86106200450109, -47.98411711675073, 14.96528945462387, -2.684225990280769, 1.723283202077098, 137.6632094094691, 95.03682215181314, 139.0492973292474, 275.0471400604108, 297.0098776245418, 208.233389895066, -272.5351271484388, -121.0875628674884, -264.3471788156295, -485.2164507678124, -516.5174824841416, -201.1365506246965, 8.562738448437081, 5.079509851630979, 18.44203729728375, -0.8690754236279223, 16.70713883167262, 5.626118002395772, 28.78057870505859, 19.8519527242579, 35.53738879470448, 47.86404084959226, 62.34941250144112, 35.614245648604, -0.1151895910013801, 0.03193973105005217, 0.8795128792047446, 0.611743066255575, 2.876816129946997, 0.7345591036062002],
		[-15.24077118867474, -17.56575717086056, -41.99741040379398, 11.4810237943372, -3.521267852159098, -1.841873161468943, 110.0941377042263, 80.61891425458334, 101.7921026619115, 212.0348867396957, 208.233389895066, 172.5960908400769, -216.2783416419523, -90.30638083792191, -181.6001200591062, -326.9112825620133, -258.3198289023229, -104.3426646852593, 9.148841177887928, 1.966170070520289, 18.65745435496888, 2.759627195685888, 18.90014936294428, -1.316937665115895, 21.46881983434233, 10.61907982204773, 21.4441109178717, 33.16979422318349, 33.64865515836463, 16.15734776484728, -0.05204591923066696, 0.2421614447477281, 0.1770651799456536, 0.6552175479004954, 1.156510148379274, 1.074064355061729],
		[15.97283378945767, 17.62824502458519, 59.95675082958122, -21.98297280685971, 12.6151750480716, -6.193759810278507, -157.3995186016201, -98.75780252327698, -133.0364668767801, -304.1814753220875, -272.5351271484388, -216.2783416419523, 380.6875427614008, 177.4346574876938, 373.4440839161913, 629.3172040286909, 617.8493456180885, 256.6981443190327, -8.853349234680566, -2.339793717547194, -20.76680431529137, -0.2878361405947032, -20.60161083925277, 0.4175903383452261, -49.49659498297458, -34.23429646724892, -62.96570487050973, -77.55941626986696, -92.70340257561563, -52.13242601715683, 0.1513573033862039, 0.3160431215568736, 0.4417487439907892, -0.7312987442838719, -1.016624079377808, -0.5766090288550438],
		[12.32296526443787, 15.92782840226671, 31.02208861644274, 4.595275230366933, 29.8526333864235, 14.87957822238351, -66.28400650418143, -45.56599541341057, -64.37466152108635, -122.639838163777, -121.0875628674884, -90.30638083792191, 177.4346574876938, 150.1515766120499, 231.4753672406072, 285.8835616550381, 369.978528094437, 224.5034056516266, -5.091172054144375, -9.760734655114334, -17.88875514596547, -1.170976408371586, -27.49296680178825, -22.53347269472845, -26.2547973593494, -28.16220327955976, -32.12444763507426, -49.99215813389721, -63.08752832849279, -57.04204208005277, -0.3995272700727363, -0.03641960272834106, -0.5564348079314164, -1.052785404304169, -1.424675581956219, -0.3074502086347883],
		[12.78398867893604, 15.41266016646114, 50.95844580843034, -13.60639450227046, 26.86578184188535, -0.3396997393856496, -129.1622591747585, -83.19213484195865, -126.1408993425962, -256.0284434633513, -264.3471788156295, -181.6001200591062, 373.4440839161913, 231.4753672406072, 511.3696506186225, 681.0359773168666, 963.7181812170907, 402.2976376263825, -2.277562758885284, -2.908324211073888, -7.603381679164543, 10.91725620321481, 2.403703182897956, -4.911634284507825, -50.49110400239918, -42.75218474958027, -70.48605024299658, -90.54794382655271, -124.7854206603044, -79.41771714053995, -1.634634759884969, -0.9255298495664104, -5.344489341649283, -3.56247539089189, -10.62886509932406, -2.295219598076256],
		[18.36667465366839, 17.79379239922243, 92.92137639441569, -40.5623855465189, 15.97470020104775, -23.9639047509969, -251.7965848570172, -142.391269921104, -224.2034447479389, -511.2299304616985, -485.2164507678124, -326.9112825620133, 629.3172040286909, 285.8835616550381, 681.0359773168666, 1286.752298242859, 1563.281607218719, 605.7386309755444, 0.1543762518360511, 4.584863057688498, 5.270283505756467, 20.81919924302752, 36.30046046397139, 16.06022847571976, -82.68338767697004, -64.28634687511155, -118.9485189972098, -133.7229572827713, -186.1515628135193, -112.225711770378, -1.067457392558898, -0.1793245601286146, -5.969196631748378, -3.28845406320557, -14.32943263514408, -2.250053593816301],
		[13.71270094661449, 12.62607295265201, 83.37232277794008, -20.48650813203557, 55.90919790347576, -13.11719611669796, -203.627314837761, -107.831428001027, -226.0533148344965, -444.5035953855216, -516.5174824841416, -258.3198289023229, 617.8493456180885, 369.978528094437, 963.7181812170907, 1563.281607218719, 2624.355991092054, 1008.78192500582, 20.65360149983906, 6.188386380415755, 54.59281148776136, 55.60383930489497, 127.8316067027529, 13.1703361778709, -80.59504506468048, -80.59335618450282, -136.0514531857783, -153.661958987809, -267.2006003177098, -176.8740211904165, -6.029424009507379, -3.272442267591629, -22.96440106457147, -11.44665955845562, -44.05666784081721, -7.029978667468206],
		[16.45794757139718, 21.4833430150001, 56.20733876157131, 29.01806349805059, 93.53312693427837, 43.34376208398767, -88.55234597308971, -47.56695974346211, -101.7181418144253, -182.1143740162143, -201.1365506246965, -104.3426646852593, 256.6981443190327, 224.5034056516266, 402.2976376263825, 605.7386309755444, 1008.78192500582, 538.8606617248092, 2.824394049508971, -29.65324956364213, -11.47725010250408, 11.84310678058422, -23.57345674281754, -73.63216814495513, -42.31956192971043, -59.91844540981462, -71.0069271457392, -85.83830395753752, -152.2544812851051, -145.257872645062, -2.437384756725209, -0.9534843937296034, -6.273907290169435, -4.490410929589726, -11.39597513962604, -0.8036274397837925],
		[-3.197884914931333, -3.646096900895947, -5.652117881384449, -3.135548534447723, -5.432267222873095, -4.274772507105198, 7.032577196705414, 5.508641427642662, 6.778347360349837, 10.7958466485039, 8.562738448437081, 9.148841177887928, -8.853349234680566, -5.091172054144375, -2.277562758885284, 0.1543762518360511, 20.65360149983906, 2.824394049508971, 11.48853485432626, 11.75440494744187, 23.93758875371014, 22.1895621943229, 49.48823128692474, 25.23438088816441, 0.3011464764075586, 0.7906109232301141, 0.5593441499558687, 0.6507521809743142, 2.195110914806389, 2.4242177905574, -1.73332498388194, -1.54343822210967, -3.957360534545004, -3.241764144725849, -7.536411814149809, -2.920580936007106],
		[-4.498143231119628, -7.728471687699569, -10.89525005057535, -16.54501251043227, -29.05627914858719, -24.39552876347684, 5.009155289586935, 1.361981769401218, 8.647845830320474, 7.027207565634083, 5.079509851630979, 1.966170070520289, -2.339793717547194, -9.760734655114334, -2.908324211073888, 4.584863057688498, 6.188386380415755, -29.65324956364213, 11.75440494744187, 31.26101497689673, 35.61896757399018, 25.1158464968644, 80.46858704012118, 72.57811293276755, 2.711561669039975, 10.08487542025819, 9.428664487907321, 6.422082375756918, 23.52727628975061, 29.89358280358618, -0.952877012369203, -1.486074431902135, -3.611578575960326, -2.201945030383645, -7.648943523703836, -3.844292712851843],
		[-8.053433957883806, -10.28022492046724, -16.31383540477426, -15.57850484329902, -27.34301343384744, -21.23216370312576, 16.45585441896047, 10.84198864960317, 16.6449839085423, 25.50102367427747, 18.44203729728375, 18.65745435496888, -20.76680431529137, -17.88875514596547, -7.603381679164543, 5.270283505756467, 54.59281148776136, -11.47725010250408, 23.93758875371014, 35.61896757399018, 63.32706906626093, 48.5352221386245, 136.9156552168822, 81.19364562202, 4.229501064580058, 8.781554676541306, 8.604377983468876, 8.577276216781929, 20.46808080937197, 23.21136137022478, -3.439952575621717, -3.412924285081804, -10.30382855619145, -6.851109766111827, -20.07685054413658, -7.214783323600919],
		[-4.782437754945578, -5.407803541552108, -7.627943553009133, -8.781367882880485, -11.03308607832194, -9.861544296383007, 5.126115805356954, 3.083573465050293, 4.373807402111612, 5.292232925090192, -0.8690754236279223, 2.759627195685888, -0.2878361405947032, -1.170976408371586, 10.91725620321481, 20.81919924302752, 55.60383930489497, 11.84310678058422, 22.1895621943229, 25.1158464968644, 48.5352221386245, 49.18034023922697, 111.8474923097548, 58.72502983490241, -1.153682899495142, 0.9360630945792643, -0.02115454220697899, -1.334356536837579, 3.071591321354225, 4.96091817271892, -3.166303005086987, -2.955213040535983, -7.584861913957109, -6.559509962917077, -15.42232755829895, -6.105874015522042],
		[-15.33785145700257, -19.81212654993261, -27.99066359978955, -39.72686998808792, -53.43819279735155, -49.99110954324014, 22.75021693048696, 12.13877687013675, 23.65092914487304, 33.20338368899919, 16.70713883167262, 18.90014936294428, -20.60161083925277, -27.49296680178825, 2.403703182897956, 36.30046046397139, 127.8316067027529, -23.57345674281754, 49.48823128692474, 80.46858704012118, 136.9156552168822, 111.8474923097548, 323.3212320774682, 194.9375270899639, 6.079178490890958, 18.1352322708703, 16.14799232356744, 13.72029966937091, 40.35494086379973, 51.36995386472699, -6.608694712735057, -6.893758104483943, -20.63195545220414, -14.42184934315445, -42.53121659564641, -15.81229181552159],
		[-9.514133515513553, -17.09347903229314, -21.71068105961848, -39.54146243029369, -62.07311842331865, -57.46771525451486, 7.719952818732974, -0.2015365064265157, 16.29653112193619, 10.42898359984479, 5.626118002395772, -1.316937665115895, 0.4175903383452261, -22.53347269472845, -4.911634284507825, 16.06022847571976, 13.1703361778709, -73.63216814495513, 25.23438088816441, 72.57811293276755, 81.19364562202, 58.72502983490241, 194.9375270899639, 174.6863868665602, 5.443662327746798, 23.50912353617188, 21.00188485697164, 13.79324964760812, 53.11656809629652, 70.72972185001532, -1.645839045522517, -2.966023747008757, -7.309474675906871, -4.566026126920805, -16.67883200483472, -8.592228687184258],
		[-0.3839263240633933, -0.5866443976772703, -7.62259981204283, 2.587269899207651, -6.132602306595045, 0.8708867657930829, 19.25752597239881, 9.824190242910738, 15.80895952972146, 35.4504023028819, 28.78057870505859, 21.46881983434233, -49.49659498297458, -26.2547973593494, -50.49110400239918, -82.68338767697004, -80.59504506468048, -42.31956192971043, 0.3011464764075586, 2.711561669039975, 4.229501064580058, -1.153682899495142, 6.079178490890958, 5.443662327746798, 14.06936818248131, 12.80455793689708, 21.30058025751011, 23.27130732760134, 33.568482432888, 21.77584307002341, 0.0325112143754139, -0.1759214402747266, -0.6837791240329734, 0.3005119406608218, -0.5887291407545914, -0.1024284472869356],
		[-1.294852004454349, -2.547981347046449, -9.504667357067625, -6.314143871450001, -21.72683771513218, -9.851730042577797, 12.47868179623434, 4.578972145560433, 12.44745381209983, 23.01276682646801, 19.8519527242579, 10.61907982204773, -34.23429646724892, -28.16220327955976, -42.75218474958027, -64.28634687511155, -80.59335618450282, -59.91844540981462, 0.7906109232301141, 10.08487542025819, 8.781554676541306, 0.9360630945792643, 18.1352322708703, 23.50912353617188, 12.80455793689708, 17.76933047231801, 23.03025733275379, 22.98117612342673, 40.86003108194021, 36.03684816864936, -0.001558155528813517, -0.2698847561465418, -0.8495877788636192, 0.226394275346083, -1.030869501657191, -0.571625353399558],
		[-0.1672344156257355, -0.765808411096775, -12.94211797611196, -1.514597401069539, -21.1136921506691, -4.849120434958797, 22.99846587462785, 8.556726453564238, 19.67829239012228, 44.17479800381069, 35.53738879470448, 21.4441109178717, -62.96570487050973, -32.12444763507426, -70.48605024299658, -118.9485189972098, -136.0514531857783, -71.0069271457392, 0.5593441499558687, 9.428664487907321, 8.604377983468876, -0.02115454220697899, 16.14799232356744, 21.00188485697164, 21.30058025751011, 23.03025733275379, 38.47193797703591, 36.32341588558584, 64.5643984932863, 43.11981565501411, -0.04793507420645991, -0.4634956622248765, -1.231806596496965, 0.2268134773343828, -1.338984562136553, -0.7669389616677131],
		[-2.240047833969268, -3.021529460978779, -16.34354528535904, -2.35506052583394, -24.20990258657206, -5.53708092717197, 29.59658836068166, 15.2551327130463, 26.26722753049439, 54.94407186227592, 47.86404084959226, 33.16979422318349, -77.55941626986696, -49.99215813389721, -90.54794382655271, -133.7229572827713, -153.661958987809, -85.83830395753752, 0.6507521809743142, 6.422082375756918, 8.577276216781929, -1.334356536837579, 13.72029966937091, 13.79324964760812, 23.27130732760134, 22.98117612342673, 36.32341588558584, 42.86372127430771, 65.95530024613328, 44.01956837617973, -0.007516201697077393, -0.4421216280907933, -1.32404030357894, 0.2711972033982061, -1.470888829848507, -0.5944107754029165],
		[-4.933195023903865, -7.13480606339174, -31.45522605388055, -18.18867262985133, -67.51934155644658, -26.12909131345454, 35.01145669330873, 13.67471206796311, 34.97026997236977, 68.65776100762881, 62.34941250144112, 33.64865515836463, -92.70340257561563, -63.08752832849279, -124.7854206603044, -186.1515628135193, -267.2006003177098, -152.2544812851051, 2.195110914806389, 23.52727628975061, 20.46808080937197, 3.071591321354225, 40.35494086379973, 53.11656809629652, 33.568482432888, 40.86003108194021, 64.5643984932863, 65.95530024613328, 132.4097916442558, 90.70711822962086, 0.1352048553351688, -0.8055570560100861, -1.867078592795089, 0.4946553509463651, -2.410504852345499, -1.817904942342122],
		[-5.468898042891098, -9.50041166097369, -25.40483297882889, -25.37196622939879, -66.58037800315796, -35.8020580957469, 20.12002153866988, 6.606389245819597, 24.37212469088882, 38.60070376623831, 35.614245648604, 16.15734776484728, -52.13242601715683, -57.04204208005277, -79.41771714053995, -112.225711770378, -176.8740211904165, -145.257872645062, 2.4242177905574, 29.89358280358618, 23.21136137022478, 4.96091817271892, 51.36995386472699, 70.72972185001532, 21.77584307002341, 36.03684816864936, 43.11981565501411, 44.01956837617973, 90.70711822962086, 86.56306913201499, 0.4306390834851038, -0.3233628107681457, -1.022342938121062, 0.8464232755552678, -1.772261100240594, -1.528690707843904],
		[0.56615693946548, 0.4179688850492459, 1.236266981637728, 0.9870802911412782, 2.601886375872151, 0.5609689984138494, -0.3455080987700442, -0.1186447655449693, -0.04510181939710149, -0.653945744579866, -0.1151895910013801, -0.05204591923066696, 0.1513573033862039, -0.3995272700727363, -1.634634759884969, -1.067457392558898, -6.029424009507379, -2.437384756725209, -1.73332498388194, -0.952877012369203, -3.439952575621717, -3.166303005086987, -6.608694712735057, -1.645839045522517, 0.0325112143754139, -0.001558155528813517, -0.04793507420645991, -0.007516201697077393, 0.1352048553351688, 0.4306390834851038, 0.8565458913623532, 0.7127969468993882, 1.833438702408239, 1.398732411272769, 3.064374407593951, 1.161807180112697],
		[0.776887629249872, 0.7306528583892316, 1.738128950558761, 1.67267262286277, 3.99723505718468, 1.481740351511286, -0.4045910238928923, -0.01046108752167391, -0.1533149386676433, -0.603117998067612, 0.03193973105005217, 0.2421614447477281, 0.3160431215568736, -0.03641960272834106, -0.9255298495664104, -0.1793245601286146, -3.272442267591629, -0.9534843937296034, -1.54343822210967, -1.486074431902135, -3.412924285081804, -2.955213040535983, -6.893758104483943, -2.966023747008757, -0.1759214402747266, -0.2698847561465418, -0.4634956622248765, -0.4421216280907933, -0.8055570560100861, -0.3233628107681457, 0.7127969468993882, 0.7131531998098655, 1.652430460291753, 1.195957090994767, 2.807032440268759, 1.202552324576942],
		[1.417800792917037, 1.244708867919376, 3.458621879634111, 3.288739383926171, 8.066343987328603, 2.77771023357997, -1.070203336334849, -0.1550373187038438, -0.1192893476317705, -1.485192240778019, 0.8795128792047446, 0.1770651799456536, 0.4417487439907892, -0.5564348079314164, -5.344489341649283, -5.969196631748378, -22.96440106457147, -6.273907290169435, -3.957360534545004, -3.611578575960326, -10.30382855619145, -7.584861913957109, -20.63195545220414, -7.309474675906871, -0.6837791240329734, -0.8495877788636192, -1.231806596496965, -1.32404030357894, -1.867078592795089, -1.022342938121062, 1.833438702408239, 1.652430460291753, 4.885594167612516, 3.073413303376582, 8.387916513455696, 2.830878316509974],
		[1.103554669104846, 0.8173128122002103, 2.247951982130099, 2.01311967947627, 4.707478228685967, 1.227262344292565, -0.3065841707911506, 0.1668110391453999, 0.293550503313684, -0.6244592996593692, 0.611743066255575, 0.6552175479004954, -0.7312987442838719, -1.052785404304169, -3.56247539089189, -3.28845406320557, -11.44665955845562, -4.490410929589726, -3.241764144725849, -2.201945030383645, -6.851109766111827, -6.559509962917077, -14.42184934315445, -4.566026126920805, 0.3005119406608218, 0.226394275346083, 0.2268134773343828, 0.2711972033982061, 0.4946553509463651, 0.8464232755552678, 1.398732411272769, 1.195957090994767, 3.073413303376582, 2.535051462399209, 5.610573703371617, 2.157305142238152],
		[2.803077423541904, 2.52899496639523, 6.491268713715848, 6.703848929181803, 15.13655886360939, 5.940798746641463, -1.359584312577471, 0.1530371986664853, 0.3327247819573054, -1.790034500474621, 2.876816129946997, 1.156510148379274, -1.016624079377808, -1.424675581956219, -10.62886509932406, -14.32943263514408, -44.05666784081721, -11.39597513962604, -7.536411814149809, -7.648943523703836, -20.07685054413658, -15.42232755829895, -42.53121659564641, -16.67883200483472, -0.5887291407545914, -1.030869501657191, -1.338984562136553, -1.470888829848507, -2.410504852345499, -1.772261100240594, 3.064374407593951, 2.807032440268759, 8.387916513455696, 5.610573703371617, 15.50282301050777, 5.260680794477637],
		[1.554330656281263, 1.576702908756667, 3.605941794207165, 3.998687073613668, 8.855814387847204, 3.965465537561445, -0.3597695618364073, 0.4025663869563585, -0.03674752065300399, -0.6423475574946624, 0.7345591036062002, 1.074064355061729, -0.5766090288550438, -0.3074502086347883, -2.295219598076256, -2.250053593816301, -7.029978667468206, -0.8036274397837925, -2.920580936007106, -3.844292712851843, -7.214783323600919, -6.105874015522042, -15.81229181552159, -8.592228687184258, -0.1024284472869356, -0.571625353399558, -0.7669389616677131, -0.5944107754029165, -1.817904942342122, -1.528690707843904, 1.161807180112697, 1.202552324576942, 2.830878316509974, 2.157305142238152, 5.260680794477637, 2.284284500290238]],
	"COVCC" : [
		[20.21249928470378, 21.62318302814897, 38.54965518404501, 39.49954967393495, 79.93647697123771, 42.83300453866148, -9.973351139880595, -7.352989526977761, -7.839377704168515, -18.83506370871372, -15.75504123471195, -15.17460338655338, 15.93042357718978, 12.29602565618, 12.78284190381976, 18.40819642416673, 13.87016921151307, 16.49965909857057, -3.198183586586389, -4.477165074615811, -8.0317590494992, -4.784132971136946, -15.28524667707335, -9.470389707763536, -0.3707807722476258, -1.288024444307521, -0.1538121908156277, -2.205478050534748, -4.85522848672918, -5.430909249082882, 0.5691585929613735, 0.7793636511604802, 1.417982358216667, 1.108839360456262, 2.799859799479812, 1.557544890807087],
		[21.62318302814897, 24.26486965965799, 41.45586218196921, 42.774102633565, 86.63655412370861, 48.83259406695687, -11.20790316675544, -8.593852790351965, -9.69808069812937, -20.6374944153324, -17.7738564596997, -17.47605140884478, 17.57074817133073, 15.8913055314791, 15.41110544751373, 17.85008476413982, 12.83955761200522, 21.53989263898591, -3.646501819414477, -7.700030943795011, -10.25083956821242, -5.410101799244712, -19.74080860195894, -17.03417418186922, -0.5688225613014992, -2.538725009884812, -0.7476114804759062, -2.974662122692007, -7.029104386673533, -9.448909063224171, 0.4220383207192199, 0.7340096788538358, 1.244955021683545, 0.8244774338061601, 2.524632732663468, 1.581060547187933],
		[38.54965518404501, 41.45586218196921, 88.62997051010578, 79.71027372120879, 187.9667740671404, 88.40121394618936, -30.8690019139505, -18.29675753397892, -23.63264606039694, -61.30902284209105, -47.88455906047073, -41.89499797894477, 59.89110964856152, 30.98039234548128, 50.95667086628855, 92.98564247345163, 83.61604716242972, 56.27189853996859, -5.652580155896333, -10.86278072550268, -16.28028766924603, -7.630567354846819, -27.90924359038181, -21.64297578182189, -7.602253544005025, -9.494099876087102, -12.92134348239138, -16.29003927133808, -31.33455192124864, -25.34603512902484, 1.240912845686646, 1.741961258716437, 3.458902900644444, 2.256131459738943, 6.486288577276562, 3.610916684429753],
		[39.49954967393495, 42.774102633565, 79.71027372120879, 106.344336834665, 211.8976239064413, 112.0537119043567, 7.228027689270477, 6.341554314487523, 6.373339067676894, 12.35893968840044, 15.14585700986356, 11.66676829229306, -22.10202562912895, 4.519651077069421, -13.60961369894033, -40.44582673440503, -20.04446739817652, 29.13515499006633, -3.136386957590756, -16.48612318627588, -15.51765961575537, -8.786126648780172, -39.57919924605374, -39.41866597418198, 2.624171743368863, -6.294977725816056, -1.476918887821791, -2.258017147292965, -17.96980703600394, -25.26532509568071, 0.9955064531680834, 1.679623245854147, 3.289249069216371, 2.027954724777003, 6.694816500313637, 4.007709987465582],
		[79.93647697123771, 86.63655412370861, 187.9667740671404, 211.8976239064413, 490.466574541372, 227.5750208914788, -8.02494048286213, 1.657608287090096, -3.367763336286293, -20.59368628920125, -2.454355015255762, -3.284806386011602, 12.46361521608416, 29.75636028890682, 26.8616836533912, 16.12308504101971, 56.47193651040916, 93.68218990077344, -5.43333457489609, -28.98131027422643, -27.26555460264981, -11.03914421072465, -53.25020100996204, -61.91679276969529, -6.085624526526533, -21.70243831193653, -21.06572563439072, -24.08636180974023, -67.24071538027475, -66.44461883339456, 2.612613275719963, 4.006083526567445, 8.066992840631503, 4.726363937822877, 15.12506015760979, 8.867300980784417],
		[42.83300453866148, 48.83259406695687, 88.40121394618936, 112.0537119043567, 227.5750208914788, 125.0797728809334, -1.357396905015368, 0.1720908206825912, -2.025943009887234, -3.362736966427061, 1.956261883681449, -1.602214889574102, -6.347368632952917, 14.78200357499289, -0.3438533327317861, -23.81351384417197, -12.54684964856753, 43.49484028516673, -4.275854289035684, -24.31954635852975, -21.15365767873937, -9.86768433080891, -49.80057622874191, -57.30927617938523, 0.9184996549969956, -9.827000775266701, -4.800505442472355, -5.411869959116844, -25.84669829198712, -35.66446355000776, 0.5718409189943983, 1.490708446464504, 2.778367858958938, 1.246403375975238, 5.929144585590232, 3.977107421789529],
		[-9.973351139880595, -11.20790316675544, -30.8690019139505, 7.228027689270477, -8.02494048286213, -1.357396905015368, 78.38756456895935, 51.47187023278227, 68.95816433388319, 149.5909830865991, 137.5734993472957, 110.0018556193419, -157.3403704558, -66.24643470738147, -129.1606598047442, -251.8544939219526, -203.846930713188, -88.61051968549762, 7.032993744363653, 4.979897735956056, 16.42562512810779, 5.128480068328577, 22.67685075220815, 7.65894475060115, 19.23919229817022, 12.46915961981586, 22.97974633355874, 29.54837500634525, 34.90271929579779, 20.06703980159427, -0.3496944074250224, -0.4080442512452417, -1.070456559562089, -0.3139545582038168, -1.355096796787246, -0.3642523503504699],
		[-7.352989526977761, -8.593852790351965, -18.29675753397892, 6.341554314487523, 1.657608287090096, 0.1720908206825912, 51.47187023278227, 39.22020513392908, 48.46843578419209, 96.14501321624778, 94.96608258329996, 80.54614655486202, -98.71116211068224, -45.53636871792622, -83.19087368192864, -142.4369332744368, -108.0046029146317, -47.61283178072132, 5.508969890257614, 1.338911149791143, 10.81815178069939, 3.085437770329014, 12.08092503424269, -0.2496435337867748, 9.809733489980569, 4.571463571440313, 8.541965430932979, 15.217114771695, 13.5889687701121, 6.56461126541243, -0.1219458185232142, -0.01318407987018942, -0.1552369942073325, 0.1609992270396517, 0.156575764162994, 0.3990315490849104],
		[-7.839377704168515, -9.69808069812937, -23.63264606039694, 6.373339067676894, -3.367763336286293, -2.025943009887234, 68.95816433388319, 48.46843578419209, 70.32136119123385, 131.9599377559731, 138.9974894395791, 101.7388094197019, -133.0023086058071, -64.3529636707439, -126.1399757005517, -224.2368874451601, -226.1801438073883, -101.7517373465318, 6.778587918149005, 8.630949485877627, 16.62752638229271, 4.375172772642108, 23.60855990804984, 16.26129873901201, 15.7983717656665, 12.44195472032195, 19.66748178655282, 26.23938414167622, 34.90747372681408, 24.34152754356393, -0.04751942798703939, -0.1553091901187685, -0.1194355849734963, 0.2892940775723946, 0.3353163387716906, -0.03933634744808154],
		[-18.83506370871372, -20.6374944153324, -61.30902284209105, 12.35893968840044, -20.59368628920125, -3.362736966427061, 149.5909830865991, 96.14501321624778, 131.9599377559731, 294.5385194036268, 274.8397929376558, 211.8215948935078, -304.0447660438309, -122.5529983625945, -256.0247468348723, -511.3637758487696, -445.0111941852312, -182.2488310837441, 10.79680941629532, 6.959584498419131, 25.43115462804819, 5.297697452844665, 33.03381223173914, 10.28797547784041, 35.40802762930877, 22.99075819293345, 44.13153147510771, 54.83263619878597, 68.40643595039981, 38.47824692611318, -0.6636215717228214, -0.6110994523034161, -1.485777516345897, -0.6414944971230749, -1.779662492420255, -0.6527086393821425],
		[-15.75504123471195, -17.7738564596997, -47.88455906047073, 15.14585700986356, -2.454355015255762, 1.956261883681449, 137.5734993472957, 94.96608258329996, 138.9974894395791, 274.8397929376558, 296.827791134816, 208.0460829141759, -272.4150728536893, -121.0113025637248, -264.3439325390735, -485.3339900727902, -516.9632416651713, -201.2546270904802, 8.563583924396575, 5.02012515041085, 18.38068023961478, -0.8642766269839171, 16.5582258831836, 5.502288582351507, 28.7433664425411, 19.83262535298445, 35.49939332975919, 47.76618114203741, 62.1287058099621, 35.50670744954425, -0.123686633913018, 0.02493063940993565, 0.8789989064412876, 0.5967832285364072, 2.885924539617375, 0.7254602889924017],
		[-15.17460338655338, -17.47605140884478, -41.89499797894477, 11.66676829229306, -3.284806386011602, -1.602214889574102, 110.0018556193419, 80.54614655486202, 101.7388094197019, 211.8215948935078, 208.0460829141759, 172.4034136944908, -216.1548453434279, -90.22793412130261, -181.5967807105266, -327.0321917650216, -258.7783681741188, -104.4641264496847, 9.149710893975191, 1.905082786596275, 18.59433816636211, 2.764563575714126, 18.74696702174513, -1.444317323259669, 21.4305406816455, 10.59919832745016, 21.40502610802591, 33.0691288393843, 33.42162071937113, 16.04672640339109, -0.06078657569930331, 0.2349513996978743, 0.1765364713812353, 0.6398288057593087, 1.165879699731702, 1.06470467385992],
		[15.93042357718978, 17.57074817133073, 59.89110964856152, -22.10202562912895, 12.46361521608416, -6.347368632952917, -157.3403704558, -98.71116211068224, -133.0023086058071, -304.0447660438309, -272.4150728536893, -216.1548453434279, 380.6083878844546, 177.3843771126944, 373.4419435627632, 629.3947007083497, 618.1432460836709, 256.7759951625935, -8.853906678674338, -2.300639860308072, -20.72635003283774, -0.2910001103522084, -20.50342871142522, 0.4992342522624534, -49.47205998348449, -34.22155343545622, -62.94065348556317, -77.49489485373888, -92.55788499091219, -52.06152332324363, 0.1569596217995564, 0.3206643955182559, 0.4420876194215267, -0.7214353394280403, -1.022629487581976, -0.5706099469178739],
		[12.29602565618, 15.8913055314791, 30.98039234548128, 4.519651077069421, 29.75636028890682, 14.78200357499289, -66.24643470738147, -45.53636871792622, -64.3529636707439, -122.5529983625945, -121.0113025637248, -90.22793412130261, 177.3843771126944, 150.1196377573942, 231.4740076557383, 285.9327887180413, 370.1652181152174, 224.5528576848969, -5.091526151000176, -9.73586353282087, -17.86305797390771, -1.172986209814421, -27.430600029255, -22.48161124580016, -26.2392123565983, -28.15410871303544, -32.10853461647123, -49.95117315453059, -62.99509335783574, -56.9970036165246, -0.3959685926853603, -0.03348409961447943, -0.556219549132554, -1.046520020362528, -1.428490308075177, -0.3036395010563079],
		[12.78284190381976, 15.41110544751373, 50.95667086628855, -13.60961369894033, 26.8616836533912, -0.3438533327317861, -129.1606598047442, -83.19087368192864, -126.1399757005517, -256.0247468348723, -264.3439325390735, -181.5967807105266, 373.4419435627632, 231.4740076557383, 511.3695927433156, 681.0380728325237, 963.7261283063074, 402.2997427186563, -2.27757783221, -2.907265488026133, -7.602287792527717, 10.9171706492505, 2.406358034525317, -4.909426627345333, -50.49044057429098, -42.75184017710622, -70.48537285178939, -90.54619916293218, -124.7814858546009, -79.41579992672024, -1.634483272801874, -0.9254048899941509, -5.344480178433852, -3.562208683732326, -10.62902748598339, -2.295057382479631],
